8843 8.586883544921875
8843 0.15807151794433594
8816 0.141143798828125
8816 0.10704994201660156
8809 0.030994415283203125
8805 0.07915496826171875
8738 0.18095970153808594
8716 0.07796287536621094
8716 0.06914138793945312
8706 0.06198883056640625
8706 0.09322166442871094
8685 0.05507469177246094
8685 0.08106231689453125
8640 0.050067901611328125
8625 0.03910064697265625
8611 0.09703636169433594
8611 0.17189979553222656
8603 0.0820159912109375
8603 0.10609626770019531
8598 0.09608268737792969
8598 0.09799003601074219
8598 0.11396408081054688
8598 0.06389617919921875
8537 0.12493133544921875
8537 0.16808509826660156
8497 0.06604194641113281
8490 0.04410743713378906
8490 0.12302398681640625
8442 0.10204315185546875
8442 0.06103515625
8420 0.06008148193359375
8420 0.019073486328125
8420 0.08296966552734375
8417 0.06985664367675781
8412 0.1850128173828125
8406 0.11897087097167969
8391 0.052928924560546875
8373 0.007867813110351562
8373 0.1888275146484375
8365 0.1289844512939453
8328 0.1609325408935547
8323 0.14400482177734375
8267 0.102996826171875
8253 0.07796287536621094
8253 0.08082389831542969
8253 0.18596649169921875
8253 0.07796287536621094
8233 0.08702278137207031
8220 0.09608268737792969
8220 0.08893013000488281
8220 0.05507469177246094
8220 0.0400543212890625
8219 0.041961669921875
8209 0.07104873657226562
8160 0.05888938903808594
8160 0.025987625122070312
8160 0.04410743713378906
8159 0.1800060272216797
8159 0.10704994201660156
8159 0.1239776611328125
8159 0.03504753112792969
8159 0.16999244689941406
8159 0.08821487426757812
8130 0.14901161193847656
8115 0.07510185241699219
8114 0.050067901611328125
8108 0.16808509826660156
8108 0.09989738464355469
8108 0.1499652862548828
8108 0.09202957153320312
8086 0.049114227294921875
8086 0.09489059448242188
8086 0.1049041748046875
8086 0.1430511474609375
8085 0.06008148193359375
8085 0.05817413330078125
8073 0.09202957153320312
8073 0.08606910705566406
8073 0.09393692016601562
8055 0.1819133758544922
8038 0.17881393432617188
8038 0.06794929504394531
8018 0.049114227294921875
8018 0.11301040649414062
8018 0.08416175842285156
7995 0.0591278076171875
7957 0.3349781036376953
7957 0.1900196075439453
7957 0.1361370086669922
7911 0.22792816162109375
7905 0.20813941955566406
7904 0.0820159912109375
7904 0.1361370086669922
7903 0.06508827209472656
7903 0.09703636169433594
7903 0.11205673217773438
7903 0.14901161193847656
7895 0.23603439331054688
7895 0.17905235290527344
7895 0.1888275146484375
7895 0.1819133758544922
7875 0.15401840209960938
7867 0.06604194641113281
7867 0.03504753112792969
7867 0.1690387725830078
7815 0.051975250244140625
7811 0.06985664367675781
7770 0.1049041748046875
7770 0.06318092346191406
7770 0.050067901611328125
7761 0.21600723266601562
7753 0.16498565673828125
7745 0.14400482177734375
7745 0.03910064697265625
7700 0.11992454528808594
7672 0.14519691467285156
7672 0.1800060272216797
7672 0.04410743713378906
7672 0.13303756713867188
7672 0.07510185241699219
7672 0.13399124145507812
7672 0.027179718017578125
7672 0.14901161193847656
7672 0.07700920104980469
7672 0.13685226440429688
7672 0.08487701416015625
7657 0.12612342834472656
7651 0.1361370086669922
7651 0.025987625122070312
7644 0.15211105346679688
7628 0.15211105346679688
7605 0.08511543273925781
7605 0.015974044799804688
7596 0.051021575927734375
7591 0.14090538024902344
7584 0.08606910705566406
7584 0.06604194641113281
7573 0.022172927856445312
7573 0.19598007202148438
7520 0.13518333435058594
7520 0.11706352233886719
7520 0.12803077697753906
7520 0.1800060272216797
7520 0.13709068298339844
7515 0.06818771362304688
7515 0.09202957153320312
7515 0.1399517059326172
7515 0.13399124145507812
7452 0.06604194641113281
7452 0.10895729064941406
7416 0.20694732666015625
7396 0.06318092346191406
7396 0.09799003601074219
7396 0.11897087097167969
7396 0.06794929504394531
7347 0.17404556274414062
7342 0.051975250244140625
7333 0.20194053649902344
7329 0.125885009765625
7326 0.07104873657226562
7320 0.09918212890625
7267 0.10704994201660156
7267 0.08893013000488281
7263 0.05984306335449219
7263 0.07891654968261719
7263 0.04482269287109375
7253 0.09512901306152344
7253 0.2181529998779297
7252 0.05316734313964844
7252 0.1609325408935547
7252 0.13899803161621094
7251 0.08106231689453125
7251 0.08988380432128906
7251 0.12302398681640625
7251 0.07414817810058594
7251 0.0820159912109375
7251 0.04792213439941406
7250 0.0820159912109375
7250 0.05984306335449219
7245 0.04482269287109375
7242 0.12683868408203125
7242 0.1678466796875
7227 0.13899803161621094
7227 0.09107589721679688
7218 0.11301040649414062
7218 0.04410743713378906
7218 0.0629425048828125
7218 0.15807151794433594
7217 0.11587142944335938
7183 0.19407272338867188
7183 0.18286705017089844
7183 0.19502639770507812
7183 0.07081031799316406
7170 0.07796287536621094
7170 0.1800060272216797
7161 0.032901763916015625
7136 0.13303756713867188
7119 0.18310546875
7104 0.06699562072753906
7103 0.08296966552734375
7103 0.14591217041015625
7103 0.06580352783203125
7098 0.029802322387695312
7087 0.17404556274414062
7087 0.025033950805664062
7067 0.09799003601074219
7067 0.08797645568847656
7041 0.11801719665527344
7041 0.04291534423828125
7030 0.09107589721679688
7030 0.13113021850585938
7030 0.08988380432128906
7030 0.15497207641601562
7030 0.052928924560546875
7030 0.11491775512695312
7030 0.14901161193847656
6993 0.1289844512939453
6993 0.008106231689453125
6993 0.05888938903808594
6993 0.13899803161621094
6987 0.125885009765625
6959 0.06985664367675781
6959 0.1251697540283203
6959 0.09894371032714844
6929 0.1659393310546875
6926 0.030994415283203125
6896 0.14209747314453125
6877 0.02193450927734375
6843 0.064849853515625
6843 0.047206878662109375
6843 0.04792213439941406
6843 0.10204315185546875
6843 0.08320808410644531
6820 0.14209747314453125
6820 0.15306472778320312
6820 0.07390975952148438
6814 0.06508827209472656
6811 0.07510185241699219
6811 0.1480579376220703
6811 0.06198883056640625
6811 0.15211105346679688
6799 0.06699562072753906
6769 0.17499923706054688
6769 0.10395050048828125
6769 0.09202957153320312
6724 0.09012222290039062
6724 0.16689300537109375
6707 0.03600120544433594
6687 0.09393692016601562
6644 0.11491775512695312
6640 0.03719329833984375
6640 0.06103515625
6633 0.1659393310546875
6629 0.15687942504882812
6620 0.14901161193847656
6615 0.051975250244140625
6615 0.03719329833984375
6592 0.14090538024902344
6591 0.1270771026611328
6591 0.11515617370605469
6582 0.10991096496582031
6573 0.08487701416015625
6573 0.14710426330566406
6573 0.015974044799804688
6564 0.07510185241699219
6558 0.06389617919921875
6558 0.15282630920410156
6532 0.10085105895996094
6509 0.09608268737792969
6509 0.17690658569335938
6509 0.16617774963378906
6509 0.15997886657714844
6509 0.09703636169433594
6503 0.1068115234375
6486 0.102996826171875
6486 0.04696846008300781
6424 0.03600120544433594
6401 0.1690387725830078
6401 0.04100799560546875
6376 0.1239776611328125
6376 0.09608268737792969
6376 0.13208389282226562
6376 0.01811981201171875
6376 0.09489059448242188
6376 0.1430511474609375
6376 0.0400543212890625
6361 0.07104873657226562
6349 0.08511543273925781
6349 0.10704994201660156
6349 0.06604194641113281
6349 0.1220703125
6299 0.15497207641601562
6299 0.09608268737792969
6299 0.16307830810546875
6291 0.10514259338378906
6291 0.1380443572998047
6279 0.10013580322265625
6279 0.08296966552734375
6248 0.1430511474609375
6248 0.15115737915039062
6248 0.06604194641113281
6248 0.08416175842285156
6248 0.09202957153320312
6220 0.12111663818359375
6220 0.05412101745605469
6220 0.1289844512939453
6219 0.06604194641113281
6199 0.03910064697265625
6199 0.1270771026611328
6199 0.10800361633300781
6199 0.1270771026611328
6196 0.10395050048828125
6191 0.16188621520996094
6191 0.14400482177734375
6174 0.050067901611328125
6174 0.12111663818359375
6168 0.07605552673339844
6158 0.023126602172851562
6122 0.11706352233886719
6122 0.08893013000488281
6122 0.13899803161621094
6114 0.032901763916015625
6079 0.06699562072753906
6046 0.09799003601074219
6026 0.08487701416015625
6016 0.027894973754882812
6014 0.09083747863769531
6014 0.11992454528808594
6014 0.11014938354492188
6012 0.09202957153320312
6010 0.1430511474609375
6010 0.11014938354492188
6009 0.12111663818359375
6008 0.08106231689453125
6008 0.05817413330078125
6008 0.03600120544433594
6008 0.09918212890625
6008 0.09202957153320312
6006 0.08606910705566406
6006 0.07891654968261719
6006 0.09894371032714844
6006 0.0820159912109375
6006 0.048160552978515625
6006 0.05888938903808594
6006 0.08702278137207031
6006 0.052928924560546875
6005 0.12493133544921875
5999 0.11014938354492188
5999 0.09894371032714844
5999 0.11515617370605469
5999 0.20194053649902344
5989 0.2048015594482422
5978 0.0820159912109375
5978 0.1850128173828125
5977 0.07104873657226562
5973 0.09179115295410156
5973 0.052928924560546875
5972 0.06103515625
5972 0.08893013000488281
5964 0.05698204040527344
5964 0.007867813110351562
5961 0.06318092346191406
5961 0.16689300537109375
5961 0.08392333984375
5949 0.11706352233886719
5921 0.08416175842285156
5921 0.07796287536621094
5921 0.09703636169433594
5891 0.16617774963378906
5891 0.11610984802246094
5891 0.025033950805664062
5891 0.04792213439941406
5856 0.06890296936035156
5856 0.08511543273925781
5856 0.09012222290039062
5856 0.1621246337890625
5856 0.1690387725830078
5856 0.048160552978515625
5856 0.08702278137207031
5856 0.12612342834472656
5856 0.17213821411132812
5856 0.18596649169921875
5854 0.392913818359375
5854 0.08893013000488281
5854 0.10991096496582031
5839 0.11897087097167969
5821 0.057220458984375
5808 0.11587142944335938
5782 0.20194053649902344
5782 0.09679794311523438
5780 0.030994415283203125
5780 0.03600120544433594
5750 0.1049041748046875
5750 0.1659393310546875
5750 0.06198883056640625
5750 0.028133392333984375
5736 0.11801719665527344
5727 0.18906593322753906
5727 0.1609325408935547
5727 0.06914138793945312
5727 0.07605552673339844
5727 0.09608268737792969
5712 0.12493133544921875
5712 0.06985664367675781
5712 0.15497207641601562
5712 0.1671314239501953
5712 0.051021575927734375
5712 0.027894973754882812
5694 0.033855438232421875
5673 0.1327991485595703
5673 0.06604194641113281
5668 0.15687942504882812
5657 0.10895729064941406
5657 0.09512901306152344
5637 0.15211105346679688
5631 0.09393692016601562
5631 0.04100799560546875
5629 0.09202957153320312
5624 0.1399517059326172
5624 0.2269744873046875
5624 0.11706352233886719
5624 0.05316734313964844
5624 0.11396408081054688
5600 0.09799003601074219
5590 0.1308917999267578
5590 0.1251697540283203
5590 0.08606910705566406
5590 0.12111663818359375
5562 0.1308917999267578
5562 0.032901763916015625
5562 0.07009506225585938
5562 0.13399124145507812
5562 0.16689300537109375
5551 0.04601478576660156
5551 0.09322166442871094
5548 0.03790855407714844
5548 0.08821487426757812
5548 0.07987022399902344
5537 0.08487701416015625
5537 0.07510185241699219
5537 0.10395050048828125
5537 0.08702278137207031
5537 0.08296966552734375
5537 0.1220703125
5537 0.11801719665527344
5537 0.12087821960449219
5537 0.11301040649414062
5532 0.08487701416015625
5532 0.2739429473876953
5524 0.1838207244873047
5524 0.02002716064453125
5524 0.03695487976074219
5524 0.0820159912109375
5515 0.1628398895263672
5509 0.10991096496582031
5509 0.08988380432128906
5509 0.03218650817871094
5509 0.15997886657714844
5498 0.11301040649414062
5498 0.1289844512939453
5497 0.08916854858398438
5476 0.12803077697753906
5476 0.031948089599609375
5474 0.06604194641113281
5451 0.030994415283203125
5451 0.1800060272216797
5451 0.18095970153808594
5438 0.031948089599609375
5438 0.064849853515625
5427 0.08320808410644531
5427 0.14591217041015625
5427 0.041961669921875
5427 0.08606910705566406
5427 0.11396408081054688
5421 0.07295608520507812
5421 0.01811981201171875
5421 0.11301040649414062
5421 0.048160552978515625
5413 0.09608268737792969
5413 0.11301040649414062
5413 0.05412101745605469
5406 0.09894371032714844
5406 0.11396408081054688
5406 0.080108642578125
5406 0.0400543212890625
5379 0.07200241088867188
5379 0.11801719665527344
5379 0.05602836608886719
5363 0.19502639770507812
5363 0.21195411682128906
5302 0.07390975952148438
5302 0.06794929504394531
5302 0.04100799560546875
5302 0.0858306884765625
5302 0.03314018249511719
5302 0.041961669921875
5302 0.02193450927734375
5302 0.1239776611328125
5302 0.1220703125
5302 0.10704994201660156
5302 0.05698204040527344
5302 0.08893013000488281
5284 0.1881122589111328
5284 0.15401840209960938
5283 0.12612342834472656
5283 0.1571178436279297
5283 0.09393692016601562
5271 0.16999244689941406
5271 0.10704994201660156
5271 0.030994415283203125
5271 0.14495849609375
5271 0.030994415283203125
5267 0.03910064697265625
5267 0.09608268737792969
5195 0.1289844512939453
5195 0.1690387725830078
5195 0.041961669921875
5195 0.03981590270996094
5195 0.148773193359375
5195 0.13303756713867188
5195 0.09489059448242188
5195 0.057220458984375
5195 0.15282630920410156
5195 0.03695487976074219
5195 0.09799003601074219
5195 0.15878677368164062
5195 0.09894371032714844
5195 0.07915496826171875
5195 0.06604194641113281
5195 0.10585784912109375
5186 0.034809112548828125
5186 0.12993812561035156
5186 0.08511543273925781
5186 0.1518726348876953
5186 0.050067901611328125
5186 0.1468658447265625
5186 0.06389617919921875
5186 0.11301040649414062
5179 0.03790855407714844
5179 0.02002716064453125
5174 0.16617774963378906
5155 0.09298324584960938
5155 0.029087066650390625
5155 0.07295608520507812
5146 0.06103515625
5146 0.1728534698486328
5108 0.06699562072753906
5108 0.07510185241699219
5108 0.041961669921875
5103 0.06318092346191406
5096 0.15091896057128906
5096 0.07915496826171875
5062 0.02193450927734375
5060 0.06318092346191406
5060 0.0069141387939453125
5060 0.15115737915039062
5055 0.102996826171875
5055 0.07915496826171875
5055 0.08988380432128906
5050 0.03695487976074219
5050 0.12302398681640625
5050 0.031948089599609375
5050 0.10585784912109375
5050 0.09989738464355469
5050 0.09393692016601562
5050 0.032901763916015625
5050 0.0629425048828125
5050 0.03790855407714844
5050 0.0209808349609375
5050 0.07581710815429688
5050 0.03600120544433594
5050 0.09799003601074219
5050 0.052928924560546875
5050 0.04601478576660156
5050 0.017881393432617188
5050 0.2071857452392578
5039 0.17905235290527344
5039 0.05507469177246094
5031 0.032901763916015625
5022 0.15306472778320312
4999 0.08988380432128906
4999 0.06580352783203125
4999 0.1308917999267578
4999 0.018835067749023438
4973 0.14710426330566406
4973 0.06794929504394531
4962 0.06389617919921875
4962 0.1239776611328125
4962 0.10800361633300781
4962 0.054836273193359375
4962 0.08606910705566406
4962 0.13017654418945312
4962 0.12803077697753906
4962 0.09298324584960938
4962 0.08511543273925781
4958 0.12111663818359375
4941 0.09298324584960938
4941 0.1590251922607422
4941 0.13494491577148438
4941 0.04315376281738281
4934 0.007867813110351562
4934 0.01811981201171875
4934 0.08893013000488281
4934 0.10180473327636719
4919 0.050067901611328125
4918 0.02193450927734375
4918 0.12993812561035156
4918 0.03981590270996094
4914 0.07581710815429688
4914 0.08392333984375
4879 0.09512901306152344
4869 0.12493133544921875
4869 0.1201629638671875
4869 0.052928924560546875
4869 0.16880035400390625
4869 0.11396408081054688
4869 0.008106231689453125
4869 0.04982948303222656
4840 0.032901763916015625
4840 0.08893013000488281
4820 0.04291534423828125
4817 0.11396408081054688
4817 0.1518726348876953
4817 0.051021575927734375
4817 0.10991096496582031
4817 0.026941299438476562
4817 0.12421607971191406
4804 0.030040740966796875
4801 0.09298324584960938
4801 0.021219253540039062
4794 0.08893013000488281
4794 0.11396408081054688
4789 0.027894973754882812
4789 0.05984306335449219
4789 0.11610984802246094
4789 0.050067901611328125
4785 0.1609325408935547
4785 0.1499652862548828
4767 0.164031982421875
4767 0.03600120544433594
4765 0.06198883056640625
4765 0.080108642578125
4765 0.11706352233886719
4765 0.007152557373046875
4765 0.09584426879882812
4765 0.0820159912109375
4763 0.07200241088867188
4749 0.05602836608886719
4749 0.07104873657226562
4744 0.10800361633300781
4744 0.051975250244140625
4744 0.0629425048828125
4731 0.06389617919921875
4731 0.09608268737792969
4731 0.0782012939453125
4731 0.11301040649414062
4730 0.04506111145019531
4730 0.007152557373046875
4728 0.1289844512939453
4723 0.05817413330078125
4723 0.09989738464355469
4723 0.08893013000488281
4699 0.025033950805664062
4699 0.11587142944335938
4699 0.07510185241699219
4699 0.1239776611328125
4699 0.08392333984375
4699 0.04506111145019531
4699 0.05698204040527344
4699 0.09894371032714844
4699 0.049114227294921875
4699 0.08606910705566406
4699 0.1480579376220703
4688 0.0247955322265625
4680 0.12087821960449219
4680 0.1239776611328125
4667 0.07390975952148438
4664 0.07295608520507812
4660 0.06198883056640625
4660 0.04482269287109375
4642 0.07319450378417969
4642 0.1399517059326172
4642 0.041961669921875
4642 0.13899803161621094
4642 0.10609626770019531
4634 0.11801719665527344
4632 0.10013580322265625
4618 0.1480579376220703
4618 0.1380443572998047
4616 0.0858306884765625
4609 0.10585784912109375
4609 0.034809112548828125
4599 0.09584426879882812
4599 0.11610984802246094
4599 0.11706352233886719
4599 0.08606910705566406
4594 0.09417533874511719
4594 0.07891654968261719
4586 0.09894371032714844
4579 0.11610984802246094
4579 0.08797645568847656
4579 0.06008148193359375
4579 0.025987625122070312
4579 0.027894973754882812
4579 0.05698204040527344
4558 0.08797645568847656
4558 0.06318092346191406
4558 0.052928924560546875
4558 0.052928924560546875
4558 0.07605552673339844
4541 0.054836273193359375
4541 0.0820159912109375
4541 0.07104873657226562
4541 0.11205673217773438
4541 0.0591278076171875
4541 0.028848648071289062
4541 0.102996826171875
4541 0.08296966552734375
4539 0.14710426330566406
4539 0.09298324584960938
4539 0.06413459777832031
4524 0.1461505889892578
4503 0.09608268737792969
4478 0.09202957153320312
4478 0.11897087097167969
4478 0.1552104949951172
4459 0.1590251922607422
4459 0.051975250244140625
4459 0.10585784912109375
4459 0.07295608520507812
4459 0.07414817810058594
4452 0.06794929504394531
4450 0.04220008850097656
4450 0.12993812561035156
4450 0.05316734313964844
4449 0.10395050048828125
4449 0.03790855407714844
4449 0.023126602172851562
4449 0.11301040649414062
4417 0.051975250244140625
4417 0.041961669921875
4417 0.12493133544921875
4417 0.14781951904296875
4417 0.06794929504394531
4417 0.13184547424316406
4417 0.05793571472167969
4417 0.05817413330078125
4417 0.07796287536621094
4417 0.050067901611328125
4417 0.07700920104980469
4405 0.05698204040527344
4405 0.04792213439941406
4405 0.04291534423828125
4405 0.06008148193359375
4405 0.0629425048828125
4405 0.07295608520507812
4405 0.05698204040527344
4405 0.052928924560546875
4404 0.10395050048828125
4404 0.025987625122070312
4404 0.05507469177246094
4404 0.028133392333984375
4404 0.09584426879882812
4404 0.10395050048828125
4404 0.10800361633300781
4404 0.07104873657226562
4404 0.1251697540283203
4404 0.05507469177246094
4398 0.07200241088867188
4394 0.11301040649414062
4394 0.10013580322265625
4394 0.16117095947265625
4394 0.12087821960449219
4394 0.11205673217773438
4394 0.09489059448242188
4394 0.02384185791015625
4394 0.049114227294921875
4394 0.07605552673339844
4394 0.125885009765625
4394 0.11491775512695312
4382 0.11587142944335938
4382 0.10919570922851562
4382 0.053882598876953125
4382 0.09799003601074219
4379 0.029087066650390625
4379 0.08988380432128906
4379 0.1289844512939453
4379 0.13899803161621094
4379 0.12302398681640625
4379 0.06103515625
4379 0.08702278137207031
4379 0.1270771026611328
4379 0.16689300537109375
4379 0.04887580871582031
4379 0.032901763916015625
4379 0.05412101745605469
4379 0.10800361633300781
4379 0.10418891906738281
4371 0.1010894775390625
4371 0.07700920104980469
4371 0.03218650817871094
4371 0.15497207641601562
4371 0.15878677368164062
4363 0.19788742065429688
4363 0.14400482177734375
4363 0.06985664367675781
4363 0.14495849609375
4363 0.13303756713867188
4363 0.14400482177734375
4363 0.10085105895996094
4363 0.026941299438476562
4363 0.22602081298828125
4363 0.0629425048828125
4360 0.125885009765625
4360 0.11992454528808594
4355 0.07605552673339844
4355 0.04315376281738281
4352 0.05412101745605469
4352 0.14400482177734375
4352 0.050067901611328125
4352 0.11706352233886719
4343 0.1518726348876953
4337 0.0782012939453125
4334 0.09393692016601562
4334 0.1518726348876953
4334 0.0820159912109375
4320 0.19693374633789062
4320 0.04601478576660156
4320 0.08606910705566406
4320 0.10204315185546875
4320 0.09703636169433594
4320 0.080108642578125
4320 0.03314018249511719
4316 0.09202957153320312
4316 0.11301040649414062
4316 0.11396408081054688
4316 0.1289844512939453
4316 0.07915496826171875
4316 0.04601478576660156
4316 0.13399124145507812
4316 0.09512901306152344
4308 0.02002716064453125
4305 0.053882598876953125
4298 0.05221366882324219
4267 0.07104873657226562
4267 0.08487701416015625
4267 0.07700920104980469
4267 0.05888938903808594
4267 0.030994415283203125
4267 0.2110004425048828
4267 0.08606910705566406
4267 0.014781951904296875
4262 0.08487701416015625
4262 0.11706352233886719
4255 0.08106231689453125
4255 0.14090538024902344
4255 0.07605552673339844
4240 0.049114227294921875
4240 0.06604194641113281
4240 0.13303756713867188
4240 0.08106231689453125
4240 0.08106231689453125
4240 0.06413459777832031
4240 0.08106231689453125
4240 0.18405914306640625
4239 0.05888938903808594
4239 0.1049041748046875
4239 0.09512901306152344
4239 0.08702278137207031
4239 0.07605552673339844
4239 0.0591278076171875
4239 0.1919269561767578
4239 0.11897087097167969
4239 0.06604194641113281
4239 0.1239776611328125
4239 0.11897087097167969
4217 0.04696846008300781
4217 0.13208389282226562
4217 0.09107589721679688
4210 0.07390975952148438
4205 0.06198883056640625
4191 0.023126602172851562
4167 0.080108642578125
4167 0.08511543273925781
4167 0.06794929504394531
4167 0.030040740966796875
4167 0.07104873657226562
4166 0.0782012939453125
4166 0.05793571472167969
4166 0.11491775512695312
4166 0.10609626770019531
4166 0.07915496826171875
4160 0.04601478576660156
4160 0.07200241088867188
4160 0.08296966552734375
4160 0.030994415283203125
4160 0.06699562072753906
4160 0.03814697265625
4160 0.10704994201660156
4160 0.10991096496582031
4160 0.10704994201660156
4160 0.0591278076171875
4160 0.04696846008300781
4160 0.0858306884765625
4160 0.11801719665527344
4160 0.11682510375976562
4157 0.08296966552734375
4157 0.052928924560546875
4157 0.13685226440429688
4132 0.15020370483398438
4124 0.06508827209472656
4124 0.10395050048828125
4124 0.12612342834472656
4124 0.09608268737792969
4123 0.09202957153320312
4119 0.1239776611328125
4118 0.009059906005859375
4118 0.07390975952148438
4118 0.06103515625
4118 0.1971721649169922
4118 0.025987625122070312
4118 0.04100799560546875
4118 0.1270771026611328
4118 0.13303756713867188
4118 0.032901763916015625
4118 0.12111663818359375
4118 0.03600120544433594
4118 0.1068115234375
4118 0.09918212890625
4118 0.06699562072753906
4116 0.1480579376220703
4104 0.17595291137695312
4104 0.023126602172851562
4104 0.10204315185546875
4104 0.09799003601074219
4104 0.12803077697753906
4104 0.12803077697753906
4104 0.09799003601074219
4104 0.12302398681640625
4104 0.031232833862304688
4104 0.09989738464355469
4104 0.13899803161621094
4092 0.11396408081054688
4092 0.12493133544921875
4092 0.11706352233886719
4049 0.04410743713378906
4049 0.080108642578125
4049 0.07891654968261719
4049 0.05602836608886719
4049 0.10800361633300781
4049 0.04410743713378906
4036 0.14781951904296875
4036 0.053882598876953125
4036 0.02002716064453125
4036 0.09298324584960938
4031 0.1010894775390625
4010 0.03504753112792969
4010 0.1499652862548828
4010 0.03981590270996094
3976 0.11682510375976562
3975 0.06008148193359375
3975 0.14090538024902344
3975 0.10704994201660156
3975 0.07987022399902344
3970 0.009059906005859375
3970 0.11897087097167969
3970 0.11181831359863281
3955 0.07796287536621094
3955 0.0591278076171875
3955 0.1461505889892578
3945 0.08797645568847656
3945 0.051021575927734375
3945 0.08702278137207031
3945 0.11897087097167969
3938 0.11610984802246094
3938 0.09298324584960938
3936 0.0858306884765625
3936 0.0858306884765625
3933 0.03314018249511719
3910 0.041961669921875
3910 0.07319450378417969
3890 0.15687942504882812
3890 0.102996826171875
3878 0.11301040649414062
3878 0.14400482177734375
3862 0.07700920104980469
3851 0.1881122589111328
3851 0.07915496826171875
3851 0.0209808349609375
3851 0.09393692016601562
3851 0.09584426879882812
3851 0.06079673767089844
3851 0.07700920104980469
3851 0.025033950805664062
3851 0.06794929504394531
3851 0.15211105346679688
3844 0.12302398681640625
3844 0.03695487976074219
3844 0.023126602172851562
3844 0.14090538024902344
3844 0.09179115295410156