595477 4669.690132141113
595477 0.6930828094482422
595477 18.891096115112305
595475 2.218008041381836
595475 7.693052291870117
595473 14.877080917358398
595471 13.081073760986328
595429 4.363059997558594
595429 5.015134811401367
595397 10.422945022583008
595391 0.7619857788085938
595388 16.865968704223633
595381 4.874944686889648
595381 3.9589405059814453
595378 1.4178752899169922
595375 12.006998062133789
595375 4.187107086181641
595375 0.9250640869140625
595372 0.43392181396484375
595356 18.620967864990234
595356 2.4640560150146484
595309 0.05793571472167969
595309 17.7609920501709
595282 18.630027770996094
595282 3.626108169555664
595236 1.21307373046875
595230 8.625984191894531
595230 7.052898406982422
595212 4.945993423461914
595212 0.9510517120361328
595212 3.818988800048828
595211 1.5020370483398438
595208 3.1120777130126953
595205 6.555795669555664
595205 1.1589527130126953
595181 3.7889480590820312
595162 1.33514404296875
595155 2.7060508728027344
595155 1.3010501861572266
595130 19.438982009887695
595087 0.7090568542480469
595054 1.5411376953125
595054 12.993097305297852
594981 10.408163070678711
594981 1.9779205322265625
594955 0.5719661712646484
594946 17.41504669189453
594941 17.050981521606445
594852 12.923955917358398
594852 0.4329681396484375
594835 4.317045211791992
594771 19.55699920654297
594771 0.08392333984375
594759 20.127058029174805
594719 12.169837951660156
594718 16.892194747924805
594713 3.3731460571289062
594693 20.376920700073242
594669 13.35287094116211
594669 0.8149147033691406
594667 0.949859619140625
594642 1.9578933715820312
594642 0.3287792205810547
594632 0.5471706390380859
594632 16.694068908691406
594554 3.1180381774902344
594553 1.3141632080078125
594553 0.8039474487304688
594553 1.7399787902832031
594553 5.3539276123046875
594553 0.5559921264648438
594553 18.290996551513672
594552 5.595922470092773
594552 1.8329620361328125
594546 0.34117698669433594
594546 7.80797004699707
594484 17.961978912353516
594484 10.398149490356445
594484 3.5400390625
594484 4.023075103759766
594423 12.629032135009766
594423 3.932952880859375
594396 12.336969375610352
594396 3.0531883239746094
594396 16.54791831970215
594346 7.924079895019531
594318 1.27410888671875
594318 3.753185272216797
594318 0.5691051483154297
594277 0.7078647613525391
594252 4.077911376953125
594252 16.994953155517578
594252 12.814998626708984
594252 12.138843536376953
594231 1.4030933380126953
594196 3.219127655029297
594196 4.221916198730469
594168 12.145042419433594
594167 6.981134414672852
594132 6.807088851928711
594132 9.035110473632812
594118 4.120826721191406
594053 1.2059211730957031
594046 9.922027587890625
594046 1.4271736145019531
594036 7.732868194580078
594034 9.994029998779297
594024 1.0290145874023438
594024 8.013010025024414
594024 10.230064392089844
594010 3.2150745391845703
593971 2.515077590942383
593971 11.198997497558594
593946 0.12111663818359375
593927 5.9719085693359375
593927 0.7460117340087891
593915 7.971048355102539
593913 1.4719963073730469
593884 13.727903366088867
593884 0.9770393371582031
593884 3.3109188079833984
593884 2.0911693572998047
593884 5.200862884521484
593869 4.760026931762695
593858 1.5480518341064453
593858 18.06807518005371
593815 3.7240982055664062
593815 6.175994873046875
593808 1.667022705078125
593796 17.08507537841797
593753 3.058195114135742
593705 0.7960796356201172
593665 8.170843124389648
593653 1.8818378448486328
593653 1.1370182037353516
593596 0.3590583801269531
593596 0.23984909057617188
593585 14.844894409179688
593585 17.53997802734375
593559 2.0110607147216797
593545 12.744903564453125
593545 3.779172897338867
593545 15.022039413452148
593512 4.535913467407227
593512 0.39696693420410156
593506 19.515037536621094
593506 11.418819427490234
593506 7.751941680908203
593493 1.940011978149414
593492 16.789913177490234
593492 2.106904983520508
593439 0.2880096435546875
593404 5.319833755493164
593388 7.270097732543945
593388 0.9210109710693359
593388 13.463973999023438
593388 6.827116012573242
593360 4.252910614013672
593323 1.9261837005615234
593277 2.691984176635742
593260 4.055023193359375
593233 16.956090927124023
593233 27.226924896240234
593233 9.946107864379883
593233 8.664131164550781
593233 6.246089935302734
593193 5.858182907104492
593147 0.7121562957763672
593136 13.346195220947266
593125 13.030052185058594
593125 3.094196319580078
593114 9.011983871459961
593108 3.3850669860839844
593099 19.38605308532715
593071 3.7491321563720703
593071 2.9277801513671875
593071 14.173030853271484
593026 2.946138381958008
593013 18.57900619506836
593011 1.7600059509277344
592997 2.017974853515625
592997 16.071081161499023
592997 2.214193344116211
592997 13.998031616210938
592984 1.6970634460449219
592984 15.649080276489258
592984 5.043983459472656
592984 1.3458728790283203
592976 2.4328231811523438
592968 2.996206283569336
592951 3.7419795989990234
592942 3.2160282135009766
592932 16.53599739074707
592874 0.8759498596191406
592874 18.742084503173828
592874 17.444849014282227
592856 2.804994583129883
592810 4.770040512084961
592773 3.8628578186035156
592746 2.148866653442383
592746 2.5870800018310547
592746 15.948057174682617
592720 9.598970413208008
592698 1.1489391326904297
592698 4.752874374389648
592660 4.26483154296875
592651 0.33593177795410156
592651 5.633115768432617
592606 7.061004638671875
592606 0.13399124145507812
592606 4.296064376831055
592603 1.5001296997070312
592603 19.294023513793945
592603 1.4281272888183594
592558 0.2338886260986328
592558 6.3381195068359375
592527 11.621952056884766
592521 0.12421607971191406
592504 11.365175247192383
592504 1.9960403442382812
592495 15.86604118347168
592460 16.58487319946289
592439 5.84101676940918
592388 1.8260478973388672
592334 0.8590221405029297
592334 3.1881332397460938
592334 21.749019622802734
592334 4.8961639404296875
592322 5.787134170532227
592322 3.667116165161133
592322 9.289026260375977
592322 3.231048583984375
592322 7.220029830932617
592288 13.252973556518555
592241 3.068208694458008
592241 2.9671192169189453
592176 11.430025100708008
592176 15.269994735717773
592176 2.7599334716796875
592147 1.2769699096679688
592147 2.3729801177978516
592086 4.420995712280273
592058 13.144969940185547
592058 13.23390007019043
592058 8.804798126220703
592006 16.360998153686523
591958 18.2650089263916
591947 2.5479793548583984
591930 3.4399032592773438
591914 2.318859100341797
591914 13.315200805664062
591894 3.300189971923828
591852 12.30311393737793
591852 0.49114227294921875
591848 1.91497802734375
591792 0.6608963012695312
591792 0.7159709930419922
591768 4.165887832641602
591746 2.9768943786621094
591746 8.981943130493164
591735 3.3500194549560547
591724 6.181001663208008
591724 0.39696693420410156
591724 0.4210472106933594
591708 17.61007308959961
591695 15.761852264404297
591695 8.513927459716797
591666 1.3041496276855469
591659 6.552934646606445
591659 8.437871932983398
591659 4.503011703491211
591659 14.974117279052734
591650 0.2498626708984375
591595 6.025075912475586
591595 9.716987609863281
591576 18.518924713134766
591558 0.42510032653808594
591533 0.3809928894042969
591533 6.405830383300781
591514 3.042936325073242
591514 3.4949779510498047
591514 1.9068717956542969
591514 18.663883209228516
591514 4.077911376953125
591514 5.118846893310547
591514 2.145051956176758
591465 18.060922622680664
591457 1.4538764953613281
591457 16.640186309814453
591442 1.9941329956054688
591387 8.96596908569336
591311 3.620147705078125
591311 8.98122787475586
591311 2.2940635681152344
591310 1.4748573303222656
591310 0.37288665771484375
591310 11.169910430908203
591310 16.55292510986328
591290 7.300138473510742
591290 15.035152435302734
591288 11.141777038574219
591284 4.032135009765625
591284 19.243955612182617
591277 1.850128173828125
591277 0.10609626770019531
591277 5.719900131225586
591277 5.330085754394531
591275 10.764837265014648
591275 8.803844451904297
591275 1.7800331115722656
591275 13.28587532043457
591247 16.535043716430664
591247 0.720977783203125
591179 3.200054168701172
591169 2.6099681854248047
591169 16.582965850830078
591151 8.772850036621094
591089 9.689092636108398
591003 6.057024002075195
591003 3.543853759765625
591003 0.05984306335449219
590992 2.0699501037597656
590974 3.161191940307617
590921 11.425971984863281
590911 1.2829303741455078
590911 10.133981704711914
590911 2.270936965942383
590898 1.8968582153320312
590898 2.3360252380371094
590898 12.598991394042969
590847 1.2450218200683594
590847 2.2230148315429688
590788 16.247034072875977
590788 14.803886413574219
590779 0.17309188842773438
590754 10.059833526611328
590754 0.09489059448242188
590754 1.9190311431884766
590734 5.155086517333984
590734 1.5659332275390625
590706 0.10418891906738281
590706 7.191181182861328
590706 1.806020736694336
590706 0.9708404541015625
590700 4.441976547241211
590700 2.8231143951416016
590684 1.8620491027832031
590680 1.0349750518798828
590680 5.626916885375977
590679 0.24008750915527344
590679 16.518115997314453
590632 0.22101402282714844
590600 11.139154434204102
590590 21.464824676513672
590577 20.550966262817383
590572 0.12993812561035156
590572 11.630058288574219
590572 2.9151439666748047
590534 2.274036407470703
590522 5.1250457763671875
590522 1.416921615600586
590522 9.450197219848633
590514 2.7430057525634766
590514 1.3840198516845703
590468 12.425899505615234
590451 15.022993087768555
590451 2.354860305786133
590451 4.314184188842773
590419 7.210969924926758
590397 17.33708381652832
590387 16.78013801574707
590331 1.8780231475830078
590290 16.412019729614258
590290 1.0950565338134766
590290 20.31707763671875
590290 5.792140960693359
590290 13.684988021850586
590290 10.590076446533203
590290 1.0120868682861328
590290 2.6960372924804688
590290 11.260986328125
590290 3.523111343383789
590271 9.68313217163086
590271 18.610000610351562
590255 1.0340213775634766
590173 14.951944351196289
590160 17.155885696411133
590149 0.5919933319091797
590134 16.20006561279297
590120 3.0188560485839844
590120 16.79396629333496
590120 0.9648799896240234
590115 0.5428791046142578
590115 11.554956436157227
590115 4.595041275024414
590115 1.0461807250976562
590105 3.0388832092285156
590082 12.686967849731445
590082 0.7410049438476562
590082 3.6191940307617188
590082 18.347978591918945
590053 15.210151672363281
590022 4.3430328369140625
589966 1.91497802734375
589966 6.536006927490234
589932 0.12493133544921875
589929 12.64500617980957
589907 6.983041763305664
589907 14.834165573120117
589906 2.8808116912841797
589906 3.036975860595703
589857 8.697986602783203
589833 9.0789794921875
589833 11.521100997924805
589745 3.5507678985595703
589733 0.6239414215087891
589729 18.24212074279785
589695 6.752967834472656
589689 8.870124816894531
589689 1.0230541229248047
589689 5.2089691162109375
589689 0.21004676818847656
589689 0.9839534759521484
589689 7.297039031982422
589684 0.392913818359375
589684 13.486862182617188
589666 1.7940998077392578
589666 0.23412704467773438
589660 2.6578903198242188
589660 3.531932830810547
589660 0.9250640869140625
589660 2.637147903442383
589660 5.1288604736328125
589618 16.883134841918945
589618 4.812955856323242
589601 10.596036911010742
589568 10.28299331665039
589568 1.4710426330566406
589545 1.171112060546875
589477 0.2639293670654297
589477 3.2989978790283203
589429 2.257823944091797
589429 14.29295539855957
589429 3.248929977416992
589406 5.63812255859375
589406 15.900135040283203
589406 1.5718936920166016
589338 18.702983856201172
589338 2.7000904083251953
589335 14.039039611816406
589322 5.499124526977539
589322 3.061056137084961
589322 4.063129425048828
589256 2.0151138305664062
589247 3.5800933837890625
589226 14.696836471557617
589226 18.297195434570312
589226 17.92597770690918
589188 9.17196273803711
589187 11.210918426513672
589179 3.351926803588867
589166 0.7650852203369141
589160 6.119966506958008
589160 1.5680789947509766
589143 1.4798641204833984
589143 8.275985717773438
589136 18.27216148376465
589122 3.6699771881103516
589107 3.147125244140625
589068 3.565073013305664
589062 4.4689178466796875
589062 20.087003707885742
589059 15.320062637329102
589059 2.4847984313964844
589051 7.98797607421875
589051 12.491941452026367
589032 11.625051498413086
589032 12.207984924316406
588965 12.693166732788086
588965 0.41103363037109375
588957 3.760099411010742
588921 13.45205307006836
588912 13.521194458007812
588912 0.7548332214355469
588880 5.684852600097656
588799 15.517950057983398
588799 6.210088729858398
588755 8.35108757019043
588750 3.9038658142089844
588739 0.9799003601074219
588737 12.442827224731445
588737 16.0062313079834
588706 8.327007293701172
588706 1.7900466918945312
588706 13.90218734741211
588674 3.715038299560547
588674 4.927158355712891
588618 4.98199462890625
588618 10.632991790771484
588618 1.2738704681396484
588618 4.777193069458008
588618 18.644094467163086
588618 19.048213958740234
588618 7.230043411254883
588605 16.38507843017578
588605 18.984079360961914
588605 1.7528533935546875
588596 3.840208053588867
588596 7.355928421020508
588562 6.212949752807617
588562 18.279075622558594
588562 7.773876190185547
588562 3.248929977416992
588559 13.331890106201172
588559 3.7720203399658203
588559 12.173891067504883
588533 1.4600753784179688
588533 3.3750534057617188
588533 2.1238327026367188
588525 11.398077011108398
588521 6.477117538452148
588520 3.3521652221679688
588511 9.679079055786133
588511 1.6567707061767578
588477 17.578125
588477 4.683971405029297
588477 8.958101272583008
588477 3.6020278930664062
588464 6.496191024780273
588447 6.397008895874023
588423 1.9230842590332031
588423 0.9179115295410156
588417 0.5879402160644531
588417 14.44697380065918
588417 0.9770393371582031
588386 1.6090869903564453
588386 5.028963088989258
588351 17.43292808532715
588351 1.3399124145507812
588316 16.571044921875
588298 7.782936096191406
588255 5.619049072265625
588255 4.491090774536133
588253 10.692119598388672
588253 11.34181022644043
588253 17.295122146606445
588253 5.468845367431641
588251 4.102945327758789
588213 1.5189647674560547
588193 2.180814743041992
588177 0.04696846008300781
588177 13.298988342285156
588177 8.907079696655273
588123 13.794898986816406
588112 5.507946014404297
588101 20.21479606628418
588101 7.956981658935547
588101 8.436918258666992
588101 4.0950775146484375
588101 1.4770030975341797
588101 9.243011474609375
588101 2.4878978729248047
588090 17.872095108032227
588090 5.240917205810547
588061 2.273082733154297
588045 8.398056030273438
588045 0.2429485321044922
588038 19.284963607788086
588038 3.718137741088867
588020 1.1827945709228516
588006 10.643959045410156
588006 6.515026092529297
587999 1.9731521606445312
587990 1.1560916900634766
587966 11.548995971679688
587966 2.101898193359375
587966 1.7850399017333984
587939 7.275104522705078
587939 3.1349658966064453
587939 10.690927505493164
587939 1.5211105346679688
587930 3.4890174865722656
587930 15.254974365234375
587930 1.394033432006836
587930 3.292083740234375
587930 2.3391246795654297
587930 8.059978485107422
587929 5.867958068847656
587929 15.933990478515625
587929 0.9388923645019531
587906 1.9681453704833984
587893 1.3170242309570312
587893 2.009153366088867
587887 6.435871124267578
587863 4.765033721923828
587843 3.4890174865722656
587774 2.0020008087158203
587761 11.806964874267578
587761 1.461029052734375
587761 12.501955032348633
587761 0.6301403045654297
587761 2.7811527252197266
587761 1.461029052734375
587718 18.064022064208984
587718 4.574060440063477
587711 2.758026123046875
587711 5.658864974975586
587711 21.010875701904297
587708 15.213966369628906
587708 2.5649070739746094
587701 3.081083297729492
587701 18.629074096679688
587701 14.126062393188477
587701 1.7321109771728516
587701 11.78288459777832
587696 4.6749114990234375
587668 3.3769607543945312
587650 1.753091812133789
587644 18.563032150268555
587639 7.506847381591797
587630 1.3828277587890625
587630 1.8429756164550781
587622 1.0929107666015625
587607 0.12302398681640625
587570 15.47384262084961
587570 1.5189647674560547
587565 19.41704750061035
587505 15.609979629516602
587494 0.5831718444824219
587487 17.83895492553711
587464 10.689020156860352
587453 9.39488410949707
587453 14.798879623413086
587416 17.121076583862305
587416 17.03619956970215
587416 10.73598861694336
587416 4.179954528808594
587416 2.0589828491210938
587416 17.248153686523438
587416 1.024007797241211
587416 17.138004302978516
587404 12.068986892700195
587404 10.658025741577148
587404 14.998912811279297
587394 1.8830299377441406
587377 1.1069774627685547
587377 9.206771850585938
587377 8.322954177856445
587377 4.719018936157227
587349 0.49996376037597656
587307 1.722097396850586
587307 10.246992111206055
587300 1.6491413116455078
587300 10.199785232543945
587285 0.29397010803222656
587285 11.738061904907227
587267 13.188838958740234
587212 5.203008651733398
587162 4.328012466430664
587143 2.0890235900878906
587143 1.5270709991455078
587132 0.4909038543701172
587094 0.8680820465087891
587043 2.429962158203125
587009 5.043983459472656
587009 13.908863067626953
587003 0.9419918060302734
586989 1.9910335540771484
586937 3.325939178466797
586937 4.659891128540039
586895 2.209901809692383
586868 2.249002456665039
586868 17.81296730041504
586868 1.0991096496582031
586839 1.3358592987060547
586839 4.289150238037109
586802 1.5599727630615234
586789 0.20194053649902344
586781 0.2410411834716797
586758 17.77505874633789
586758 8.102178573608398
586757 3.3190250396728516
586757 0.35500526428222656
586749 3.823995590209961
586712 6.143093109130859
586712 13.395071029663086
586700 3.448009490966797
586678 1.0559558868408203
586678 1.7020702362060547
586672 20.852088928222656
586672 9.073972702026367
586621 2.546072006225586
586621 9.604930877685547
586612 7.030963897705078
586603 5.619049072265625
586569 0.6880760192871094
586567 10.538816452026367
586555 1.219034194946289
586481 18.878936767578125
586422 0.9150505065917969
586415 0.8320808410644531
586415 10.410070419311523
586373 3.3750534057617188
586373 15.490055084228516
586349 2.454996109008789
586349 18.436908721923828
586349 5.827903747558594
586349 4.958152770996094
586347 11.357784271240234
586347 1.1150836944580078
586323 5.969047546386719
586299 13.537883758544922
586299 11.794090270996094
586299 18.326997756958008
586299 9.740829467773438
586299 10.313034057617188
586299 8.430004119873047
586299 7.5130462646484375
586270 7.430076599121094
586264 2.79998779296875
586245 0.32591819763183594
586245 1.9710063934326172
586245 1.5659332275390625
586231 4.422187805175781
586231 2.4199485778808594
586223 1.3058185577392578
586223 1.483917236328125
586223 16.961097717285156
586221 9.99903678894043
586196 0.8051395416259766
586183 4.413843154907227
586169 3.771066665649414
586167 3.3152103424072266
586167 14.225959777832031
586167 3.7980079650878906
586138 3.2079219818115234
586134 2.15911865234375
586127 9.66501235961914
586115 11.104106903076172
586115 0.6551742553710938
586115 2.8429031372070312
586115 0.8199214935302734
586104 2.8581619262695312
586068 2.9888153076171875
586068 1.8961429595947266
586046 3.0138492584228516
585976 5.059957504272461
585937 3.8940906524658203
585937 15.749931335449219
585937 0.8070468902587891
585916 11.00015640258789
585916 16.659975051879883
585916 2.797842025756836
585916 16.963958740234375
585916 4.738807678222656
585916 6.368160247802734
585916 0.4100799560546875
585912 18.455982208251953
585884 2.9489994049072266
585884 1.3899803161621094
585857 0.6120204925537109
585839 14.874935150146484
585839 5.110025405883789
585839 18.698930740356445
585839 0.21195411682128906
585826 3.2050609588623047
585826 1.4960765838623047
585790 1.0831356048583984
585786 6.20579719543457
585771 7.370948791503906
585752 1.2538433074951172
585733 9.598016738891602
585723 0.9608268737792969
585723 18.972158432006836
585723 20.741939544677734
585717 1.817941665649414
585717 3.511190414428711
585717 1.2171268463134766
585686 2.3920536041259766
585667 2.1331310272216797
585667 12.845039367675781
585655 0.9679794311523438
585655 11.415958404541016
585655 0.49591064453125
585617 13.005971908569336
585608 10.41102409362793
585608 0.2999305725097656
585598 0.6279945373535156
585566 2.7680397033691406
585566 5.8040618896484375
585566 2.299070358276367
585552 12.356042861938477
585552 0.06103515625
585552 2.4459362030029297
585552 13.329029083251953
585552 2.610921859741211
585552 16.316890716552734
585538 6.886959075927734
585515 8.98599624633789
585515 0.9238719940185547
585515 0.7991790771484375
585509 13.425827026367188
585509 0.25200843811035156
585501 1.3499259948730469
585497 5.50389289855957
585497 0.4200935363769531
585497 13.347864151000977
585497 4.565954208374023
585497 4.621982574462891
585448 7.477998733520508
585436 2.137899398803711
585436 8.959054946899414
585435 16.64113998413086
585435 11.384010314941406
585396 1.0211467742919922
585393 5.001068115234375
585381 6.821870803833008
585338 3.442049026489258
585338 3.403902053833008
585277 2.1622180938720703
585277 0.9000301361083984
585277 1.5590190887451172
585253 2.515077590942383
585245 9.721994400024414
585245 0.8671283721923828
585213 3.1299591064453125
585185 6.476163864135742
585183 3.4110546112060547
585183 1.6300678253173828
585157 11.28387451171875
585157 1.4231204986572266
585157 7.216930389404297
585157 1.7101764678955078
585126 0.40602684020996094
585126 8.313179016113281
585126 12.939929962158203
585123 11.958122253417969
585123 0.5331039428710938
585048 2.6819705963134766
584994 0.06103515625
584975 3.468036651611328
584973 16.957998275756836
584973 11.286020278930664
584958 5.190849304199219
584958 4.31513786315918
584946 16.584157943725586
584946 5.62596321105957
584946 15.587806701660156
584932 16.108036041259766
584932 15.753984451293945
584932 2.313852310180664
584877 0.537872314453125
584877 0.49805641174316406
584850 18.486976623535156
584850 12.849092483520508
584825 16.82901382446289
584825 3.6268234252929688
584807 0.7469654083251953
584788 12.367010116577148
584788 15.94090461730957
584781 3.692150115966797
584771 5.595922470092773
584720 0.4448890686035156
584720 2.3000240325927734
584720 12.531042098999023
584714 3.206014633178711
584698 2.376079559326172
584695 16.649961471557617
584695 17.378807067871094
584654 4.0187835693359375
584603 15.501022338867188
584587 11.183977127075195
584587 9.891986846923828
584587 5.921840667724609
584515 5.336999893188477
584515 0.5400180816650391
584515 11.569023132324219
584496 14.986991882324219
584496 0.25010108947753906
584448 4.724025726318359
584429 19.219160079956055
584390 9.445905685424805
584342 15.395879745483398
584342 19.91105079650879
584342 12.832880020141602
584342 5.80286979675293
584335 1.5981197357177734
584301 5.798101425170898
584296 8.820056915283203
584266 8.305788040161133
584218 16.682147979736328
584193 0.7839202880859375
584140 6.925106048583984
584110 11.314868927001953
584110 1.6870498657226562
584110 3.056049346923828
584084 16.362905502319336
584084 2.683877944946289
584051 3.62396240234375
584001 3.68499755859375
584001 1.477956771850586
583983 2.7899742126464844
583983 0.8769035339355469
583983 1.0499954223632812
583983 11.072158813476562
583983 5.702018737792969
583943 5.676984786987305
583943 5.021810531616211
583928 2.4061203002929688
583928 4.5719146728515625
583928 4.034996032714844
583925 2.5780200958251953
583925 4.172086715698242
583914 0.9779930114746094
583914 3.763914108276367
583903 18.53799819946289
583903 5.560874938964844
583887 7.288932800292969
583887 21.124839782714844
583859 1.2359619140625
583837 16.99090003967285
583831 6.818056106567383
583821 6.593942642211914
583821 18.738985061645508
583818 3.8890838623046875
583808 8.406877517700195
583808 3.1239986419677734
583808 7.139921188354492
583808 7.419109344482422
583808 3.6988258361816406
583807 12.954950332641602
583803 1.210927963256836
583796 12.3291015625
583796 18.55182647705078
583771 1.8360614776611328
583771 2.4619102478027344
583770 2.189159393310547
583770 2.1190643310546875
583741 19.023895263671875
583741 4.56690788269043
583741 1.5299320220947266
583740 13.010978698730469
583716 12.554168701171875
583712 11.548995971679688
583712 18.444061279296875
583696 18.15199851989746
583694 16.46709442138672
583694 2.170085906982422
583694 19.181013107299805
583677 16.46590232849121
583677 0.5979537963867188
583667 2.86102294921875
583587 0.03409385681152344
583587 17.93813705444336
583587 17.593860626220703
583587 13.065099716186523
583577 2.3698806762695312
583552 1.8010139465332031
583552 0.7421970367431641
583552 3.1478404998779297
583530 1.7290115356445312
583530 15.124082565307617
583530 0.6170272827148438
583522 11.036157608032227
583522 2.7561187744140625
583502 5.131959915161133
583455 17.874956130981445
583447 0.14495849609375
583437 13.606071472167969
583437 6.33692741394043
583437 0.8051395416259766
583437 0.38695335388183594
583437 0.9739398956298828
583437 18.28312873840332
583409 1.5261173248291016
583340 1.8191337585449219
583330 1.4879703521728516
583327 0.1621246337890625
583327 2.0380020141601562
583294 12.584924697875977
583217 12.12310791015625
583217 2.1719932556152344
583192 5.447149276733398
583192 11.522054672241211
583175 14.067888259887695
583175 1.4319419860839844
583115 19.28997039794922
583092 2.2509098052978516
583092 1.5249252319335938
583092 8.260965347290039
583050 2.6140213012695312
583000 13.957977294921875
583000 12.501955032348633
583000 3.854036331176758
583000 0.34499168395996094
583000 1.6779899597167969
582976 17.88187026977539
582967 2.8090476989746094
582945 0.7829666137695312
582945 2.771139144897461
582945 2.8650760650634766