241 0.19884109497070312
241 0.014066696166992188
232 0.051975250244140625
200 0.02193450927734375
190 0.029087066650390625
176 0.0209808349609375
176 0.015974044799804688
164 0.0069141387939453125
164 0.016927719116210938
164 0.0171661376953125
164 0.025033950805664062
164 0.02384185791015625
155 0.017881393432617188
155 0.026941299438476562
155 0.025987625122070312
155 0.016927719116210938
155 0.019073486328125
155 0.02193450927734375
145 0.029087066650390625
145 0.02002716064453125
145 0.02002716064453125
145 0.016927719116210938
145 0.013828277587890625
145 0.019073486328125
140 0.019073486328125
140 0.0059604644775390625
140 0.019073486328125
140 0.0209808349609375
120 0.019073486328125
120 0.02002716064453125
120 0.015974044799804688
120 0.0171661376953125
120 0.019788742065429688
105 0.025987625122070312
105 0.0059604644775390625
105 0.025033950805664062
105 0.015020370483398438
105 0.016927719116210938
102 0.01811981201171875
84 0.02384185791015625
84 0.0059604644775390625
84 0.02384185791015625
84 0.018835067749023438
84 0.026941299438476562
84 0.022172927856445312
84 0.02002716064453125
84 0.0059604644775390625
84 0.014066696166992188
84 0.02384185791015625
82 0.0171661376953125
82 0.0209808349609375
82 0.02002716064453125
82 0.017881393432617188
82 0.021219253540039062
71 0.019073486328125
64 0.0209808349609375
64 0.02193450927734375
64 0.03409385681152344
64 0.032901763916015625
64 0.032901763916015625
64 0.014781951904296875
64 0.023126602172851562
64 0.04291534423828125
64 0.007152557373046875
64 0.0059604644775390625
64 0.03409385681152344
64 0.007152557373046875
64 0.030040740966796875
64 0.025987625122070312
64 0.029087066650390625
64 0.0059604644775390625
64 0.019073486328125
64 0.02193450927734375
64 0.02002716064453125
64 0.03719329833984375
56 0.02193450927734375
56 0.015020370483398438
56 0.03218650817871094
56 0.016927719116210938
56 0.030994415283203125
56 0.025987625122070312
56 0.015020370483398438
56 0.03218650817871094
56 0.025033950805664062
56 0.0059604644775390625
56 0.015020370483398438
56 0.014066696166992188
56 0.031948089599609375
56 0.023126602172851562
56 0.025987625122070312
56 0.02193450927734375
56 0.029087066650390625
56 0.01811981201171875
56 0.016927719116210938
56 0.026941299438476562
56 0.027894973754882812
56 0.0059604644775390625
56 0.022172927856445312
56 0.016927719116210938
56 0.0050067901611328125
56 0.025987625122070312
56 0.0050067901611328125
56 0.0050067901611328125
56 0.029087066650390625
56 0.03314018249511719
56 0.0050067901611328125
52 0.03790855407714844
52 0.0050067901611328125
52 0.026226043701171875
52 0.0050067901611328125
48 0.03504753112792969
48 0.02288818359375
48 0.014066696166992188
48 0.006198883056640625
48 0.021219253540039062
48 0.015974044799804688
48 0.027894973754882812
48 0.01621246337890625
48 0.013828277587890625
48 0.025033950805664062
48 0.014066696166992188
48 0.0059604644775390625
48 0.0171661376953125
48 0.013828277587890625
48 0.014066696166992188
48 0.027179718017578125
47 0.02193450927734375
47 0.015020370483398438
47 0.019073486328125
47 0.0059604644775390625
47 0.0171661376953125
47 0.026226043701171875
47 0.015020370483398438
47 0.0059604644775390625
47 0.0050067901611328125
47 0.030994415283203125
47 0.024080276489257812
47 0.013828277587890625
47 0.0050067901611328125
47 0.015974044799804688
47 0.015974044799804688
47 0.015974044799804688
47 0.014066696166992188
47 0.0059604644775390625
47 0.014066696166992188
47 0.019073486328125
42 0.02288818359375
42 0.024080276489257812
42 0.019073486328125
42 0.02288818359375
42 0.022172927856445312
42 0.017881393432617188
40 0.02288818359375
40 0.025033950805664062
40 0.02002716064453125
39 0.025033950805664062
39 0.028133392333984375
39 0.015974044799804688
39 0.02288818359375
39 0.01621246337890625
39 0.030994415283203125
39 0.030040740966796875
39 0.018835067749023438
39 0.023126602172851562
39 0.027894973754882812
39 0.014066696166992188
39 0.0059604644775390625
39 0.013113021850585938
39 0.0050067901611328125
39 0.0209808349609375
39 0.015020370483398438
39 0.023126602172851562
39 0.015974044799804688
39 0.0050067901611328125
39 0.0171661376953125
39 0.025987625122070312
39 0.027894973754882812
39 0.01811981201171875
39 0.014066696166992188
39 0.030040740966796875
39 0.015974044799804688
39 0.017881393432617188
39 0.017881393432617188
39 0.02002716064453125
39 0.015974044799804688
39 0.014066696166992188
39 0.0171661376953125
39 0.017881393432617188
39 0.0050067901611328125
39 0.015020370483398438
39 0.019073486328125
39 0.01811981201171875
39 0.014066696166992188
39 0.024080276489257812
39 0.030040740966796875
39 0.024080276489257812
36 0.02002716064453125
36 0.0171661376953125
36 0.012874603271484375
36 0.013828277587890625
36 0.025987625122070312
36 0.031948089599609375
36 0.019073486328125
36 0.0209808349609375
36 0.02193450927734375
36 0.0247955322265625
36 0.012874603271484375
36 0.028133392333984375
36 0.026941299438476562
36 0.013113021850585938
36 0.014066696166992188
36 0.017881393432617188
36 0.015974044799804688
36 0.030994415283203125
36 0.027894973754882812
36 0.019788742065429688
36 0.025987625122070312
36 0.0059604644775390625
36 0.025033950805664062
36 0.031948089599609375
36 0.015974044799804688
33 0.025987625122070312
33 0.0059604644775390625
33 0.02193450927734375
33 0.019073486328125
33 0.016927719116210938
31 0.023126602172851562
31 0.030040740966796875
31 0.02193450927734375
31 0.025033950805664062
31 0.014066696166992188
31 0.02002716064453125
31 0.0171661376953125
31 0.033855438232421875
31 0.0059604644775390625
31 0.0209808349609375
31 0.0059604644775390625
31 0.016927719116210938
31 0.02002716064453125
31 0.012874603271484375
31 0.031948089599609375
31 0.012874603271484375
31 0.02002716064453125
31 0.015020370483398438
31 0.022172927856445312
31 0.015974044799804688
31 0.015974044799804688
31 0.030994415283203125
31 0.02193450927734375
31 0.01811981201171875
31 0.02288818359375
31 0.023126602172851562
31 0.015974044799804688
31 0.015974044799804688
31 0.028133392333984375
31 0.025987625122070312
31 0.030994415283203125
31 0.027894973754882812
31 0.016927719116210938
31 0.024080276489257812
31 0.02002716064453125
31 0.015020370483398438
31 0.0059604644775390625
31 0.016927719116210938
31 0.014066696166992188
31 0.031948089599609375
31 0.0059604644775390625
31 0.0050067901611328125
31 0.0050067901611328125
31 0.02288818359375
31 0.0059604644775390625
31 0.023126602172851562
31 0.02288818359375
31 0.0209808349609375
31 0.02193450927734375
31 0.023126602172851562
31 0.013828277587890625
29 0.0059604644775390625
29 0.02002716064453125
29 0.015020370483398438
29 0.018835067749023438
29 0.03218650817871094
25 0.03695487976074219
25 0.0059604644775390625
25 0.015974044799804688
25 0.015974044799804688
25 0.0209808349609375
25 0.027179718017578125
25 0.018835067749023438
25 0.016927719116210938
25 0.019073486328125
25 0.017881393432617188
25 0.024080276489257812
25 0.029087066650390625
25 0.028848648071289062
25 0.027894973754882812
25 0.0059604644775390625
25 0.0209808349609375
25 0.01621246337890625
25 0.02002716064453125
25 0.016927719116210938
25 0.014066696166992188
25 0.0050067901611328125
25 0.02288818359375
25 0.015020370483398438
25 0.0209808349609375
25 0.024080276489257812
25 0.026941299438476562
25 0.006198883056640625
24 0.029802322387695312
24 0.0050067901611328125
24 0.014066696166992188
24 0.014066696166992188
24 0.0209808349609375
24 0.0209808349609375
24 0.0059604644775390625
24 0.01811981201171875
24 0.014066696166992188
24 0.02288818359375
24 0.03409385681152344
24 0.030994415283203125
24 0.025033950805664062
24 0.019788742065429688
24 0.019788742065429688
24 0.016927719116210938
24 0.03409385681152344
24 0.02193450927734375
24 0.022172927856445312
24 0.013828277587890625
24 0.028133392333984375
24 0.016927719116210938
24 0.02002716064453125
24 0.029087066650390625
24 0.026941299438476562
24 0.013828277587890625
24 0.01621246337890625
24 0.0059604644775390625
24 0.032901763916015625
24 0.019073486328125
24 0.015974044799804688
24 0.015974044799804688
24 0.013828277587890625
24 0.018835067749023438
24 0.015020370483398438
24 0.016927719116210938
24 0.017881393432617188
24 0.007152557373046875
24 0.025987625122070312
24 0.0171661376953125
24 0.025033950805664062
24 0.016927719116210938
24 0.015974044799804688
24 0.019073486328125
24 0.029087066650390625
24 0.014066696166992188
23 0.030040740966796875
23 0.025987625122070312
23 0.0209808349609375
23 0.025033950805664062
23 0.0050067901611328125
23 0.013828277587890625
23 0.026941299438476562
23 0.02288818359375
23 0.019073486328125
23 0.023126602172851562
23 0.015020370483398438
23 0.013828277587890625
23 0.0050067901611328125
23 0.0209808349609375
23 0.025987625122070312
23 0.030040740966796875
23 0.03409385681152344
23 0.016927719116210938
23 0.023126602172851562
23 0.02288818359375
23 0.03218650817871094
23 0.02002716064453125
23 0.014066696166992188
23 0.015020370483398438
23 0.027894973754882812
23 0.024080276489257812
23 0.0209808349609375
23 0.023126602172851562
23 0.016927719116210938
23 0.013828277587890625
23 0.027179718017578125
23 0.026941299438476562
23 0.0059604644775390625
23 0.0171661376953125
23 0.02288818359375
23 0.08606910705566406
23 0.031232833862304688
23 0.05507469177246094
23 0.041961669921875
23 0.050067901611328125
23 0.031948089599609375
23 0.010967254638671875
23 0.04506111145019531
23 0.03600120544433594
23 0.010967254638671875
23 0.04100799560546875
23 0.0069141387939453125
23 0.025033950805664062
23 0.02288818359375
23 0.023126602172851562
23 0.015974044799804688
23 0.02002716064453125
23 0.032901763916015625
23 0.019073486328125
23 0.02193450927734375
23 0.02193450927734375
23 0.025987625122070312
23 0.0059604644775390625
23 0.031948089599609375
23 0.0171661376953125
23 0.017881393432617188
23 0.017881393432617188
23 0.0059604644775390625
23 0.027894973754882812
23 0.02002716064453125
23 0.032901763916015625
23 0.017881393432617188
23 0.029087066650390625
23 0.03218650817871094
23 0.026941299438476562
23 0.0171661376953125
23 0.0209808349609375
23 0.030994415283203125
23 0.026941299438476562
23 0.02193450927734375
23 0.007152557373046875
23 0.028848648071289062
23 0.016927719116210938
23 0.016927719116210938
23 0.0059604644775390625
23 0.030994415283203125
23 0.0069141387939453125
23 0.03218650817871094
23 0.0059604644775390625
23 0.02002716064453125
23 0.0171661376953125
23 0.029087066650390625
23 0.029087066650390625
23 0.027894973754882812
23 0.018835067749023438
23 0.0059604644775390625
23 0.019073486328125
23 0.030994415283203125
23 0.019073486328125
23 0.030040740966796875
23 0.006198883056640625
23 0.015974044799804688
23 0.015974044799804688
23 0.0059604644775390625
23 0.019073486328125
23 0.025987625122070312
23 0.02002716064453125
23 0.027179718017578125
23 0.025033950805664062
23 0.030040740966796875
23 0.028133392333984375
23 0.025987625122070312
23 0.041961669921875
23 0.1010894775390625
23 0.04291534423828125
23 0.018835067749023438
23 0.0059604644775390625
23 0.025987625122070312
23 0.019073486328125
23 0.023126602172851562
23 0.026941299438476562
23 0.02193450927734375
23 0.02288818359375
23 0.015020370483398438
23 0.02384185791015625
23 0.023126602172851562
23 0.027894973754882812
23 0.025987625122070312
23 0.015020370483398438
23 0.024080276489257812
23 0.016927719116210938
23 0.0059604644775390625
23 0.02384185791015625
23 0.015974044799804688
23 0.02193450927734375
23 0.023126602172851562
23 0.024080276489257812
23 0.018835067749023438
23 0.015974044799804688
23 0.0209808349609375
23 0.0059604644775390625
23 0.0050067901611328125
23 0.015020370483398438
23 0.014066696166992188
23 0.02002716064453125
23 0.0050067901611328125
23 0.014066696166992188
22 0.029087066650390625
22 0.0209808349609375
22 0.024080276489257812
22 0.025987625122070312
22 0.024080276489257812
22 0.027894973754882812
22 0.015020370483398438
22 0.023126602172851562
22 0.016927719116210938
22 0.0209808349609375
22 0.016927719116210938
22 0.0059604644775390625
22 0.0059604644775390625
22 0.016927719116210938
22 0.016927719116210938
22 0.014066696166992188
22 0.014066696166992188
22 0.02193450927734375
22 0.023126602172851562
22 0.0059604644775390625
22 0.016927719116210938
22 0.016927719116210938
22 0.006198883056640625
22 0.02002716064453125
22 0.0209808349609375
22 0.028133392333984375
22 0.02002716064453125
22 0.0059604644775390625
22 0.02288818359375
22 0.016927719116210938
22 0.025033950805664062
22 0.025987625122070312
22 0.014066696166992188
22 0.013113021850585938
21 0.017881393432617188
21 0.015020370483398438
21 0.0069141387939453125
21 0.019073486328125
21 0.018835067749023438
21 0.025987625122070312
21 0.0171661376953125
21 0.015020370483398438
21 0.017881393432617188
21 0.025033950805664062
21 0.0171661376953125
21 0.012874603271484375
21 0.0059604644775390625
21 0.025987625122070312
21 0.02002716064453125
21 0.015020370483398438
21 0.013828277587890625
21 0.0050067901611328125
21 0.013828277587890625
21 0.0171661376953125
21 0.02193450927734375
21 0.025987625122070312
21 0.01811981201171875
21 0.0050067901611328125
21 0.026941299438476562
21 0.015020370483398438
21 0.025987625122070312
21 0.027179718017578125
21 0.014066696166992188
21 0.0059604644775390625
21 0.0209808349609375
21 0.02002716064453125
21 0.0059604644775390625
21 0.022172927856445312
21 0.025987625122070312
21 0.015974044799804688
21 0.023126602172851562
21 0.016927719116210938
21 0.025033950805664062
21 0.027179718017578125
21 0.02193450927734375
21 0.01811981201171875
21 0.02002716064453125
21 0.015020370483398438
21 0.025987625122070312
21 0.024080276489257812
21 0.019073486328125
21 0.015974044799804688
21 0.02193450927734375
21 0.019073486328125
21 0.01811981201171875
21 0.016927719116210938
21 0.0050067901611328125
21 0.017881393432617188
21 0.015020370483398438
21 0.0059604644775390625
21 0.019073486328125
21 0.024080276489257812
21 0.014066696166992188
21 0.025987625122070312
21 0.0059604644775390625
21 0.022172927856445312
21 0.0059604644775390625
21 0.017881393432617188
21 0.025033950805664062
21 0.024080276489257812
21 0.0050067901611328125
21 0.0209808349609375
21 0.0171661376953125
21 0.02193450927734375
21 0.025033950805664062
21 0.023126602172851562
21 0.015020370483398438
21 0.013828277587890625
20 0.027179718017578125
20 0.026941299438476562
20 0.014066696166992188
20 0.014066696166992188
20 0.014066696166992188
19 0.025033950805664062
19 0.0059604644775390625
19 0.0059604644775390625
19 0.015020370483398438
19 0.02002716064453125
19 0.014066696166992188
19 0.0050067901611328125
19 0.014066696166992188
19 0.02384185791015625
19 0.013828277587890625
19 0.0171661376953125
19 0.013828277587890625
19 0.019073486328125
19 0.013113021850585938
19 0.018835067749023438
19 0.019073486328125
19 0.013113021850585938
19 0.025033950805664062
19 0.024080276489257812
19 0.019073486328125
19 0.01811981201171875
19 0.023126602172851562
19 0.0059604644775390625
19 0.014066696166992188
19 0.02384185791015625
19 0.0171661376953125
19 0.017881393432617188
19 0.028133392333984375
18 0.027894973754882812
18 0.006198883056640625
18 0.013828277587890625
18 0.0171661376953125
18 0.027894973754882812
18 0.019073486328125
18 0.015974044799804688
18 0.02002716064453125
18 0.015974044799804688
18 0.022172927856445312
18 0.02193450927734375
18 0.0209808349609375
17 0.01811981201171875
17 0.014066696166992188
17 0.025987625122070312
17 0.0209808349609375
17 0.02193450927734375
17 0.015020370483398438
17 0.0171661376953125
17 0.018835067749023438
17 0.013828277587890625
17 0.0059604644775390625
17 0.025987625122070312
17 0.0171661376953125
17 0.0050067901611328125
17 0.013113021850585938
17 0.015974044799804688
17 0.014066696166992188
17 0.025033950805664062
17 0.02002716064453125
17 0.025033950805664062
17 0.016927719116210938
17 0.025033950805664062
17 0.022172927856445312
17 0.0247955322265625
17 0.014781951904296875
17 0.023126602172851562
17 0.01811981201171875
17 0.013828277587890625
17 0.015020370483398438
17 0.01811981201171875
17 0.015974044799804688
17 0.01811981201171875
17 0.025033950805664062
17 0.015974044799804688
17 0.015020370483398438
17 0.02288818359375
17 0.02288818359375
17 0.025033950805664062
17 0.015020370483398438
17 0.015974044799804688
17 0.025987625122070312
16 0.0209808349609375
16 0.014066696166992188
16 0.02002716064453125
16 0.015974044799804688
16 0.0069141387939453125
16 0.02002716064453125
16 0.0050067901611328125
16 0.0050067901611328125
16 0.015974044799804688
16 0.015974044799804688
16 0.01811981201171875
16 0.019073486328125
16 0.0050067901611328125
16 0.04601478576660156
16 0.030994415283203125
16 0.008821487426757812
16 0.017881393432617188
16 0.01811981201171875
16 0.015974044799804688
16 0.014066696166992188
16 0.0171661376953125
16 0.0059604644775390625
16 0.025987625122070312
16 0.015974044799804688
16 0.006198883056640625
16 0.026226043701171875
16 0.015974044799804688
16 0.015020370483398438
16 0.0209808349609375
16 0.019073486328125
16 0.016927719116210938
16 0.015974044799804688
16 0.0059604644775390625
16 0.0050067901611328125
16 0.023126602172851562
16 0.016927719116210938
16 0.019073486328125
16 0.0059604644775390625
16 0.015020370483398438
16 0.024080276489257812
16 0.015974044799804688
16 0.02288818359375
16 0.02288818359375
16 0.015020370483398438
16 0.014066696166992188
16 0.015974044799804688
16 0.019073486328125
16 0.013113021850585938
16 0.015974044799804688
16 0.015974044799804688
16 0.016927719116210938
16 0.015974044799804688
16 0.013828277587890625
16 0.014781951904296875
16 0.01621246337890625
16 0.02384185791015625
16 0.0209808349609375
16 0.0059604644775390625
16 0.015974044799804688
16 0.015974044799804688
16 0.0059604644775390625
16 0.025033950805664062
16 0.0059604644775390625
16 0.014066696166992188
16 0.012874603271484375
16 0.013113021850585938
16 0.013113021850585938
16 0.0059604644775390625
16 0.015974044799804688
16 0.015974044799804688
16 0.014066696166992188
16 0.0059604644775390625
16 0.015974044799804688
16 0.0050067901611328125
16 0.016927719116210938
16 0.019073486328125
16 0.0050067901611328125
16 0.0059604644775390625
16 0.015974044799804688
16 0.013828277587890625
16 0.014066696166992188
16 0.04601478576660156
16 0.02193450927734375
16 0.015974044799804688
16 0.02384185791015625
16 0.007152557373046875
16 0.025033950805664062
16 0.0209808349609375
16 0.02288818359375
16 0.016927719116210938
16 0.02002716064453125
16 0.0069141387939453125
16 0.015020370483398438
16 0.0171661376953125
16 0.02288818359375
16 0.009059906005859375
16 0.0059604644775390625
16 0.0050067901611328125
16 0.014066696166992188
16 0.025033950805664062
16 0.0209808349609375
16 0.022172927856445312
16 0.023126602172851562
16 0.015020370483398438
16 0.019073486328125
16 0.02002716064453125
16 0.016927719116210938
16 0.015020370483398438
16 0.02288818359375
16 0.015974044799804688
16 0.012874603271484375
16 0.015974044799804688
16 0.0050067901611328125
16 0.018835067749023438
16 0.024080276489257812
16 0.019073486328125
16 0.0050067901611328125
16 0.017881393432617188
16 0.012874603271484375
16 0.014066696166992188
16 0.015974044799804688
16 0.014066696166992188
16 0.016927719116210938
16 0.0209808349609375
16 0.015974044799804688
16 0.017881393432617188
16 0.023126602172851562
16 0.015974044799804688
16 0.014066696166992188
16 0.0050067901611328125
16 0.025033950805664062
16 0.015974044799804688
16 0.015020370483398438
16 0.015974044799804688
16 0.02288818359375
16 0.015974044799804688
16 0.006198883056640625
16 0.00476837158203125
16 0.023126602172851562
16 0.014066696166992188
16 0.02384185791015625
16 0.0247955322265625
16 0.015020370483398438
16 0.018835067749023438
16 0.006198883056640625
16 0.00476837158203125
16 0.01621246337890625
16 0.013828277587890625
16 0.019073486328125
16 0.019073486328125
16 0.013828277587890625
16 0.013828277587890625
16 0.0209808349609375
16 0.012874603271484375
16 0.024080276489257812
16 0.015974044799804688
16 0.01811981201171875
16 0.01811981201171875
16 0.018835067749023438
16 0.019073486328125
16 0.02193450927734375
16 0.006198883056640625
16 0.0050067901611328125
16 0.02288818359375
16 0.025033950805664062
16 0.015974044799804688
16 0.0059604644775390625
16 0.023126602172851562
16 0.014066696166992188
16 0.0209808349609375
16 0.013828277587890625
16 0.021219253540039062
16 0.015974044799804688
16 0.013113021850585938
16 0.015020370483398438
16 0.015974044799804688
16 0.02193450927734375
16 0.02002716064453125
16 0.019073486328125
16 0.01811981201171875
16 0.02193450927734375
16 0.015974044799804688
16 0.01811981201171875
16 0.0050067901611328125
16 0.016927719116210938
16 0.02002716064453125
16 0.023126602172851562
16 0.0059604644775390625
16 0.015020370483398438
16 0.0050067901611328125
16 0.015974044799804688
16 0.015020370483398438
16 0.015020370483398438
16 0.017881393432617188
16 0.013828277587890625
16 0.017881393432617188
16 0.025033950805664062
16 0.02384185791015625
16 0.013828277587890625
16 0.013828277587890625
16 0.01811981201171875
16 0.017881393432617188
16 0.0050067901611328125
16 0.015020370483398438
16 0.0050067901611328125
16 0.025033950805664062
16 0.013828277587890625
16 0.013113021850585938
16 0.024080276489257812
16 0.012874603271484375
16 0.017881393432617188
16 0.01811981201171875
16 0.015974044799804688
16 0.02193450927734375
16 0.013113021850585938
16 0.017881393432617188
16 0.015974044799804688
16 0.025033950805664062
16 0.017881393432617188
16 0.022172927856445312
16 0.017881393432617188
16 0.0171661376953125
16 0.013828277587890625
16 0.01811981201171875
16 0.015974044799804688
16 0.025033950805664062
16 0.024080276489257812
16 0.017881393432617188
16 0.02384185791015625
16 0.02002716064453125
16 0.015974044799804688
16 0.01811981201171875
16 0.017881393432617188
16 0.024080276489257812
16 0.015974044799804688
16 0.014066696166992188
16 0.017881393432617188
16 0.017881393432617188
16 0.014066696166992188
16 0.0059604644775390625
16 0.014066696166992188
16 0.0059604644775390625
16 0.02288818359375
16 0.015974044799804688
16 0.02384185791015625
16 0.0209808349609375
16 0.024080276489257812
16 0.01811981201171875
16 0.02002716064453125
16 0.015020370483398438
16 0.015974044799804688
16 0.015974044799804688
16 0.025033950805664062
15 0.025033950805664062
15 0.0209808349609375
15 0.0209808349609375
15 0.013828277587890625
15 0.023126602172851562
15 0.014066696166992188
15 0.016927719116210938
15 0.016927719116210938
15 0.023126602172851562
15 0.02288818359375
15 0.019073486328125
15 0.016927719116210938
15 0.015974044799804688
15 0.0059604644775390625
15 0.0171661376953125
15 0.02384185791015625
15 0.014066696166992188
15 0.02288818359375
15 0.01621246337890625
15 0.015974044799804688
15 0.017881393432617188
15 0.014066696166992188
15 0.016927719116210938
15 0.006198883056640625
15 0.017881393432617188
15 0.013113021850585938
15 0.02193450927734375
15 0.015974044799804688
15 0.015020370483398438
15 0.0050067901611328125
15 0.02193450927734375
15 0.019073486328125
15 0.0209808349609375
15 0.015974044799804688
15 0.024080276489257812
15 0.0050067901611328125
15 0.014066696166992188
15 0.018835067749023438
15 0.012874603271484375
15 0.02002716064453125
15 0.01811981201171875
15 0.015974044799804688
15 0.02193450927734375
15 0.0171661376953125
15 0.018835067749023438
15 0.019073486328125
15 0.02002716064453125
15 0.014066696166992188
15 0.015974044799804688
15 0.023126602172851562
15 0.013828277587890625
15 0.0171661376953125
15 0.012874603271484375
15 0.013113021850585938
15 0.024080276489257812
15 0.016927719116210938
15 0.02193450927734375
15 0.01621246337890625