4175 4.285097122192383
4175 0.18787384033203125
4172 0.08702278137207031
4130 0.051975250244140625
4130 0.07796287536621094
4129 0.1010894775390625
4122 0.051021575927734375
4100 0.164031982421875
4100 0.11301040649414062
4098 0.13184547424316406
4091 0.0858306884765625
4058 0.08106231689453125
4058 0.04100799560546875
3993 0.08082389831542969
3968 0.05793571472167969
3950 0.12993812561035156
3938 0.08511543273925781
3938 0.03981590270996094
3938 0.06699562072753906
3937 0.14710426330566406
3921 0.04792213439941406
3921 0.03790855407714844
3921 0.06198883056640625
3897 0.08606910705566406
3897 0.09703636169433594
3888 0.25391578674316406
3888 0.09393692016601562
3885 0.13685226440429688
3864 0.05984306335449219
3864 0.19598007202148438
3864 0.17905235290527344
3864 0.20194053649902344
3864 0.11515617370605469
3858 0.17595291137695312
3858 0.2288818359375
3858 0.049114227294921875
3858 0.3190040588378906
3806 0.19097328186035156
3806 0.08678436279296875
3769 0.04100799560546875
3757 0.03814697265625
3721 0.03409385681152344
3721 0.051021575927734375
3714 0.09799003601074219
3714 0.14400482177734375
3714 0.05507469177246094
3712 0.11706352233886719
3712 0.08916854858398438
3712 0.05888938903808594
3704 0.13399124145507812
3704 0.051975250244140625
3704 0.022172927856445312
3704 0.02384185791015625
3697 0.09202957153320312
3613 0.05793571472167969
3613 0.08893013000488281
3588 0.12087821960449219
3584 0.06794929504394531
3567 0.11801719665527344
3544 0.048160552978515625
3532 0.09393692016601562
3520 0.08916854858398438
3520 0.027894973754882812
3496 0.06604194641113281
3495 0.06103515625
3495 0.06508827209472656
3481 0.08487701416015625
3481 0.08797645568847656
3481 0.08606910705566406
3481 0.03981590270996094
3469 0.04696846008300781
3469 0.02002716064453125
3469 0.029087066650390625
3469 0.07414817810058594
3469 0.04601478576660156
3464 0.025033950805664062
3464 0.050067901611328125
3458 0.0209808349609375
3446 0.03600120544433594
3446 0.014066696166992188
3446 0.07915496826171875
3422 0.04982948303222656
3405 0.07200241088867188
3403 0.06198883056640625
3403 0.029087066650390625
3403 0.13017654418945312
3403 0.06914138793945312
3399 0.1537799835205078
3397 0.141143798828125
3396 0.09894371032714844
3396 0.04792213439941406
3359 0.10609626770019531
3359 0.0069141387939453125
3348 0.09202957153320312
3348 0.024080276489257812
3335 0.1919269561767578
3335 0.11587142944335938
3335 0.16188621520996094
3335 0.13589859008789062
3323 0.05698204040527344
3323 0.028848648071289062
3323 0.0209808349609375
3323 0.16188621520996094
3323 0.08511543273925781
3323 0.029087066650390625
3282 0.08606910705566406
3273 0.0400543212890625
3273 0.025987625122070312
3262 0.09608268737792969
3262 0.080108642578125
3262 0.08392333984375
3262 0.04100799560546875
3262 0.03790855407714844
3259 0.08916854858398438
3259 0.0400543212890625
3257 0.07200241088867188
3257 0.11205673217773438
3257 0.07009506225585938
3241 0.050067901611328125
3241 0.02002716064453125
3241 0.08702278137207031
3241 0.01811981201171875
3241 0.04601478576660156
3221 0.03504753112792969
3221 0.06604194641113281
3221 0.051021575927734375
3221 0.1251697540283203
3218 0.04601478576660156
3215 0.048160552978515625
3205 0.07700920104980469
3189 0.09512901306152344
3184 0.02002716064453125
3184 0.04100799560546875
3184 0.03719329833984375
3184 0.015020370483398438
3184 0.03504753112792969
3184 0.07605552673339844
3184 0.05507469177246094
3184 0.08797645568847656
3169 0.07915496826171875
3169 0.03790855407714844
3169 0.10585784912109375
3169 0.032901763916015625
3169 0.05316734313964844
3169 0.04696846008300781
3169 0.019073486328125
3169 0.04887580871582031
3169 0.033855438232421875
3168 0.07200241088867188
3168 0.06604194641113281
3154 0.025987625122070312
3154 0.15997886657714844
3154 0.09894371032714844
3154 0.10704994201660156
3154 0.10895729064941406
3115 0.05698204040527344
3113 0.14591217041015625
3102 0.03600120544433594
3102 0.04506111145019531
3097 0.11301040649414062
3097 0.05507469177246094
3097 0.031948089599609375
3033 0.06580352783203125
3033 0.05888938903808594
3033 0.025033950805664062
3033 0.03790855407714844
3020 0.008106231689453125
3020 0.05602836608886719
3020 0.1430511474609375
3018 0.04792213439941406
3009 0.1418590545654297
3009 0.03981590270996094
3007 0.06079673767089844
3000 0.027894973754882812
3000 0.030040740966796875
3000 0.01811981201171875
3000 0.05602836608886719
3000 0.026941299438476562
3000 0.12302398681640625
3000 0.052928924560546875
3000 0.052928924560546875
2993 0.06318092346191406
2993 0.032901763916015625
2993 0.027179718017578125
2981 0.11205673217773438
2981 0.030994415283203125
2981 0.17309188842773438
2981 0.1220703125
2981 0.14495849609375
2956 0.1659393310546875
2956 0.026941299438476562
2950 0.05507469177246094
2950 0.1590251922607422
2950 0.10609626770019531
2950 0.11801719665527344
2939 0.03886222839355469
2939 0.03409385681152344
2939 0.051021575927734375
2921 0.19311904907226562
2921 0.04506111145019531
2921 0.19812583923339844
2921 0.08893013000488281
2910 0.09083747863769531
2910 0.04696846008300781
2888 0.030994415283203125
2888 0.049114227294921875
2883 0.164031982421875
2883 0.1671314239501953
2883 0.07605552673339844
2883 0.13113021850585938
2883 0.08296966552734375
2883 0.13899803161621094
2883 0.019073486328125
2883 0.16808509826660156
2880 0.12302398681640625
2880 0.04887580871582031
2880 0.14019012451171875
2880 0.051021575927734375
2874 0.030994415283203125
2874 0.14400482177734375
2874 0.031948089599609375
2874 0.041961669921875
2874 0.029087066650390625
2874 0.06198883056640625
2874 0.051975250244140625
2865 0.053882598876953125
2865 0.04291534423828125
2865 0.15401840209960938
2846 0.10204315185546875
2846 0.06318092346191406
2815 0.064849853515625
2810 0.13899803161621094
2810 0.09799003601074219
2810 0.0457763671875
2810 0.033855438232421875
2810 0.053882598876953125
2810 0.04506111145019531
2810 0.016927719116210938
2810 0.05698204040527344
2810 0.11205673217773438
2810 0.008106231689453125
2809 0.15282630920410156
2809 0.10180473327636719
2809 0.10085105895996094
2809 0.04291534423828125
2809 0.06794929504394531
2809 0.026226043701171875
2809 0.051975250244140625
2805 0.08392333984375
2805 0.102996826171875
2805 0.09107589721679688
2805 0.11515617370605469
2805 0.10991096496582031
2805 0.09608268737792969
2801 0.1270771026611328
2801 0.026941299438476562
2801 0.07295608520507812
2801 0.102996826171875
2778 0.06818771362304688
2778 0.04100799560546875
2762 0.06198883056640625
2762 0.11610984802246094
2762 0.04792213439941406
2762 0.1201629638671875
2762 0.11491775512695312
2762 0.04100799560546875
2762 0.027894973754882812
2743 0.04506111145019531
2743 0.09608268737792969
2743 0.032901763916015625
2743 0.12803077697753906
2720 0.07700920104980469
2713 0.10585784912109375
2713 0.0629425048828125
2713 0.09512901306152344
2711 0.09799003601074219
2700 0.030040740966796875
2700 0.05888938903808594
2700 0.10800361633300781
2681 0.09489059448242188
2681 0.03695487976074219
2678 0.14400482177734375
2678 0.032901763916015625
2678 0.08392333984375
2676 0.08702278137207031
2676 0.08702278137207031
2676 0.09679794311523438
2676 0.09083747863769531
2676 0.2720355987548828
2676 0.12087821960449219
2676 0.029802322387695312
2676 0.016927719116210938
2676 0.1201629638671875
2676 0.09012222290039062
2676 0.03790855407714844
2676 0.029802322387695312
2671 0.07677078247070312
2651 0.12302398681640625
2651 0.10204315185546875
2651 0.07009506225585938
2651 0.07700920104980469
2651 0.025987625122070312
2651 0.04792213439941406
2651 0.11301040649414062
2643 0.0629425048828125
2628 0.06198883056640625
2628 0.02288818359375
2628 0.09584426879882812
2628 0.05793571472167969
2628 0.08916854858398438
2626 0.06890296936035156
2585 0.11301040649414062
2585 0.17690658569335938
2574 0.1201629638671875
2574 0.07987022399902344
2553 0.06914138793945312
2553 0.03600120544433594
2511 0.11014938354492188
2511 0.028133392333984375
2511 0.04100799560546875
2511 0.050067901611328125
2505 0.08106231689453125
2491 0.030994415283203125
2491 0.021219253540039062
2491 0.09393692016601562
2474 0.08702278137207031
2474 0.09703636169433594
2474 0.10609626770019531
2474 0.09393692016601562
2456 0.11992454528808594
2456 0.047206878662109375
2456 0.02288818359375
2456 0.08392333984375
2456 0.015974044799804688
2456 0.032901763916015625
2456 0.03719329833984375
2456 0.0820159912109375
2456 0.017881393432617188
2456 0.1010894775390625
2456 0.11801719665527344
2456 0.02384185791015625
2456 0.05698204040527344
2456 0.1220703125
2456 0.03695487976074219
2456 0.08702278137207031
2456 0.03695487976074219
2445 0.021219253540039062
2445 0.051021575927734375
2445 0.10991096496582031
2445 0.06985664367675781
2428 0.03409385681152344
2420 0.031948089599609375
2409 0.09202957153320312
2409 0.09417533874511719
2404 0.07987022399902344
2401 0.054836273193359375
2401 0.1049041748046875
2401 0.0247955322265625
2398 0.09989738464355469
2398 0.06604194641113281
2398 0.09894371032714844
2398 0.08797645568847656
2398 0.07486343383789062
2383 0.04291534423828125
2381 0.04220008850097656
2381 0.024080276489257812
2381 0.030994415283203125
2378 0.030040740966796875
2378 0.027894973754882812
2378 0.08106231689453125
2378 0.09608268737792969
2373 0.05793571472167969
2373 0.10991096496582031
2373 0.07200241088867188
2373 0.03600120544433594
2373 0.026941299438476562
2373 0.03695487976074219
2373 0.029087066650390625
2373 0.051021575927734375
2373 0.07891654968261719
2373 0.064849853515625
2370 0.08296966552734375
2358 0.12087821960449219
2358 0.030994415283203125
2351 0.06198883056640625
2337 0.10800361633300781
2317 0.10418891906738281
2313 0.04291534423828125
2313 0.054836273193359375
2313 0.19979476928710938
2313 0.17786026000976562
2304 0.1380443572998047
2304 0.04792213439941406
2304 0.06008148193359375
2304 0.04100799560546875
2304 0.1010894775390625
2300 0.09202957153320312
2300 0.04696846008300781
2300 0.080108642578125
2300 0.04792213439941406
2300 0.11682510375976562
2300 0.05793571472167969
2300 0.07700920104980469
2300 0.1289844512939453
2300 0.1480579376220703
2300 0.03600120544433594
2251 0.11610984802246094
2246 0.025987625122070312
2246 0.02193450927734375
2246 0.051975250244140625
2241 0.021219253540039062
2234 0.11181831359863281
2234 0.03409385681152344
2231 0.09894371032714844
2224 0.1220703125
2224 0.05602836608886719
2224 0.04696846008300781
2223 0.1308917999267578
2223 0.03409385681152344
2223 0.1049041748046875
2223 0.0629425048828125
2223 0.041961669921875
2223 0.07295608520507812
2223 0.08797645568847656
2213 0.09107589721679688
2213 0.06818771362304688
2213 0.11301040649414062
2213 0.1220703125
2213 0.13494491577148438
2213 0.04315376281738281
2213 0.026941299438476562
2213 0.03814697265625
2213 0.1270771026611328
2213 0.09107589721679688
2208 0.02002716064453125
2208 0.03790855407714844
2199 0.0629425048828125
2199 0.03600120544433594
2199 0.04506111145019531
2199 0.049114227294921875
2199 0.050067901611328125
2199 0.11992454528808594
2199 0.03504753112792969
2199 0.10800361633300781
2199 0.07295608520507812
2199 0.09393692016601562
2187 0.08296966552734375
2147 0.0400543212890625
2136 0.04506111145019531
2136 0.029087066650390625
2136 0.08296966552734375
2136 0.07605552673339844
2136 0.11706352233886719
2136 0.07700920104980469
2136 0.0438690185546875
2136 0.05698204040527344
2136 0.03504753112792969
2124 0.052928924560546875
2124 0.12302398681640625
2112 0.026941299438476562
2098 0.11992454528808594
2098 0.05698204040527344
2098 0.032901763916015625
2091 0.05888938903808594
2091 0.06604194641113281
2091 0.09393692016601562
2083 0.05888938903808594
2083 0.07319450378417969
2074 0.04291534423828125
2071 0.04506111145019531
2071 0.08893013000488281
2071 0.10085105895996094
2071 0.029087066650390625
2069 0.03504753112792969
2069 0.10895729064941406
2069 0.11587142944335938
2069 0.09012222290039062
2069 0.08106231689453125
2069 0.03600120544433594
2069 0.04220008850097656
2059 0.1499652862548828
2059 0.10609626770019531
2059 0.03600120544433594
2059 0.015974044799804688
2059 0.05221366882324219
2059 0.12493133544921875
2059 0.11396408081054688
2041 0.17881393432617188
2041 0.13589859008789062
2035 0.11396408081054688
2035 0.04792213439941406
2035 0.04100799560546875
2035 0.13303756713867188
2035 0.07414817810058594
2035 0.027894973754882812
2035 0.10919570922851562
2035 0.03409385681152344
2035 0.11992454528808594
2035 0.03695487976074219
2035 0.06103515625
2035 0.03695487976074219
2035 0.07200241088867188
2035 0.08606910705566406
2035 0.11301040649414062
2035 0.12803077697753906
2035 0.04982948303222656
1989 0.08797645568847656
1989 0.02288818359375
1989 0.030994415283203125
1989 0.2560615539550781
1989 0.013113021850585938
1978 0.13589859008789062
1978 0.11301040649414062
1978 0.03409385681152344
1976 0.05316734313964844
1969 0.1289844512939453
1969 0.050067901611328125
1969 0.08320808410644531
1969 0.032901763916015625
1969 0.04291534423828125
1969 0.12993812561035156
1969 0.02384185791015625
1969 0.030994415283203125
1969 0.07987022399902344
1969 0.051021575927734375
1969 0.04696846008300781
1969 0.1220703125
1969 0.09894371032714844
1969 0.06103515625
1961 0.064849853515625
1961 0.13184547424316406
1954 0.04506111145019531
1954 0.10180473327636719
1954 0.11205673217773438
1954 0.10704994201660156
1954 0.11992454528808594
1954 0.07796287536621094
1944 0.04792213439941406
1944 0.1289844512939453
1944 0.028848648071289062
1935 0.030040740966796875
1935 0.09608268737792969
1935 0.015974044799804688
1922 0.09512901306152344
1922 0.05793571472167969
1918 0.08893013000488281
1918 0.04601478576660156
1918 0.07009506225585938
1918 0.12493133544921875
1915 0.08893013000488281
1915 0.10180473327636719
1915 0.10895729064941406
1913 0.11491775512695312
1894 0.11014938354492188
1894 0.054836273193359375
1884 0.09489059448242188
1884 0.03886222839355469
1884 0.09989738464355469
1879 0.16379356384277344
1879 0.048160552978515625
1879 0.05698204040527344
1879 0.09918212890625
1879 0.05888938903808594
1879 0.15091896057128906
1879 0.11086463928222656
1879 0.14591217041015625
1879 0.08296966552734375
1879 0.04410743713378906
1879 0.06508827209472656
1879 0.09012222290039062
1879 0.08487701416015625
1879 0.051021575927734375
1879 0.11587142944335938
1879 0.03600120544433594
1879 0.1270771026611328
1877 0.030994415283203125
1877 0.06413459777832031
1877 0.025987625122070312
1873 0.1518726348876953
1870 0.033855438232421875
1868 0.15497207641601562
1868 0.028848648071289062
1868 0.09489059448242188
1847 0.11301040649414062
1847 0.017881393432617188
1836 0.10919570922851562
1836 0.04601478576660156
1836 0.026941299438476562
1836 0.03790855407714844
1836 0.13399124145507812
1836 0.12803077697753906
1836 0.07796287536621094
1834 0.07390975952148438
1834 0.09012222290039062
1832 0.09703636169433594
1822 0.06318092346191406
1822 0.03886222839355469
1822 0.04100799560546875
1822 0.024080276489257812
1818 0.03409385681152344
1818 0.04887580871582031
1818 0.0820159912109375
1818 0.11396408081054688
1814 0.04315376281738281
1813 0.09894371032714844
1813 0.055789947509765625
1813 0.05602836608886719
1807 0.11706352233886719
1807 0.10204315185546875
1793 0.03409385681152344
1780 0.14019012451171875
1780 0.03790855407714844
1780 0.11610984802246094
1767 0.10609626770019531
1767 0.12803077697753906
1767 0.07081031799316406
1767 0.15783309936523438
1765 0.04291534423828125
1765 0.11301040649414062
1762 0.05316734313964844
1762 0.13899803161621094
1762 0.1270771026611328
1762 0.05602836608886719
1757 0.12302398681640625
1757 0.03218650817871094
1757 0.031948089599609375
1747 0.12612342834472656
1747 0.12993812561035156
1747 0.08893013000488281
1740 0.11897087097167969
1740 0.041961669921875
1735 0.07987022399902344
1735 0.03504753112792969
1735 0.12993812561035156
1735 0.12803077697753906
1735 0.10800361633300781
1735 0.015020370483398438
1728 0.030994415283203125
1728 0.029087066650390625
1728 0.0069141387939453125
1728 0.11587142944335938
1728 0.10895729064941406
1728 0.019788742065429688
1722 0.04291534423828125
1722 0.03695487976074219
1722 0.048160552978515625
1709 0.11801719665527344
1709 0.1251697540283203
1706 0.08702278137207031
1706 0.11110305786132812
1706 0.051975250244140625
1705 0.04315376281738281
1705 0.025987625122070312
1705 0.04696846008300781
1705 0.08296966552734375
1705 0.054836273193359375
1705 0.0059604644775390625
1704 0.041961669921875
1698 0.11706352233886719
1698 0.030994415283203125
1698 0.09202957153320312
1692 0.09393692016601562
1692 0.0820159912109375
1692 0.05316734313964844
1692 0.08702278137207031
1692 0.1239776611328125
1692 0.12183189392089844
1692 0.04792213439941406
1692 0.051021575927734375
1692 0.18715858459472656
1692 0.1499652862548828
1692 0.051975250244140625
1686 0.06914138793945312
1682 0.06008148193359375
1682 0.05412101745605469
1682 0.2319812774658203
1682 0.22292137145996094
1679 0.17905235290527344
1679 0.2651214599609375
1673 0.2429485321044922
1673 0.06794929504394531
1673 0.13685226440429688
1673 0.1468658447265625
1673 0.0858306884765625
1660 0.11110305786132812
1645 0.10609626770019531
1645 0.025987625122070312
1645 0.04887580871582031
1643 0.04291534423828125
1633 0.06008148193359375
1633 0.14400482177734375
1633 0.08392333984375
1633 0.06794929504394531
1633 0.080108642578125
1633 0.07510185241699219
1629 0.10800361633300781
1629 0.15115737915039062
1627 0.06699562072753906
1616 0.05793571472167969
1616 0.06699562072753906
1616 0.0629425048828125
1616 0.030040740966796875
1616 0.0438690185546875
1616 0.052928924560546875
1610 0.1010894775390625
1610 0.11515617370605469
1610 0.05412101745605469
1610 0.03600120544433594
1610 0.09202957153320312
1598 0.15592575073242188
1598 0.06699562072753906
1598 0.051975250244140625
1598 0.0782012939453125
1598 0.0209808349609375
1598 0.048160552978515625
1598 0.09107589721679688
1598 0.09799003601074219
1598 0.06008148193359375
1598 0.09489059448242188
1598 0.09989738464355469
1597 0.04792213439941406
1577 0.1049041748046875
1577 0.13685226440429688
1577 0.10895729064941406
1577 0.10919570922851562
1577 0.102996826171875
1577 0.05984306335449219
1577 0.05984306335449219
1577 0.08988380432128906
1577 0.08702278137207031
1574 0.11610984802246094
1570 0.05793571472167969
1570 0.08893013000488281
1570 0.06318092346191406
1570 0.07510185241699219
1570 0.04291534423828125
1570 0.04696846008300781
1570 0.02384185791015625
1565 0.05602836608886719
1565 0.03695487976074219
1565 0.08916854858398438
1565 0.11301040649414062
1565 0.09489059448242188
1565 0.04696846008300781
1562 0.12302398681640625
1562 0.025033950805664062
1562 0.03814697265625
1562 0.048160552978515625
1562 0.015974044799804688
1556 0.11110305786132812
1556 0.09989738464355469
1556 0.11205673217773438
1556 0.11301040649414062
1556 0.12612342834472656
1556 0.049114227294921875
1556 0.08797645568847656
1556 0.09799003601074219
1553 0.04982948303222656
1553 0.030994415283203125
1553 0.1761913299560547
1546 0.09107589721679688
1546 0.03504753112792969
1546 0.02002716064453125
1546 0.04982948303222656
1546 0.08702278137207031
1546 0.11587142944335938
1546 0.11491775512695312
1546 0.13303756713867188
1544 0.06389617919921875
1544 0.047206878662109375
1544 0.04792213439941406
1544 0.051021575927734375
1544 0.031948089599609375
1544 0.06890296936035156
1544 0.07009506225585938
1544 0.007152557373046875
1544 0.03504753112792969
1544 0.1380443572998047
1544 0.125885009765625
1544 0.05793571472167969
1544 0.06914138793945312
1544 0.06103515625
1544 0.13709068298339844
1544 0.03409385681152344
1544 0.102996826171875
1544 0.051975250244140625
1544 0.03600120544433594
1541 0.09489059448242188
1541 0.07891654968261719
1541 0.10609626770019531
1541 0.015020370483398438
1541 0.01811981201171875
1541 0.0438690185546875
1541 0.030994415283203125
1541 0.10585784912109375
1541 0.03600120544433594
1541 0.07486343383789062
1538 0.025987625122070312
1538 0.06699562072753906
1538 0.0171661376953125
1538 0.12493133544921875
1538 0.03695487976074219
1534 0.06985664367675781
1534 0.06103515625
1534 0.07700920104980469
1534 0.05888938903808594
1534 0.10800361633300781
1534 0.028848648071289062
1534 0.03814697265625
1534 0.049114227294921875
1534 0.10991096496582031
1534 0.04100799560546875
1534 0.02288818359375
1534 0.023126602172851562
1534 0.064849853515625
1534 0.02288818359375
1534 0.019073486328125
1534 0.03695487976074219
1534 0.10013580322265625
1534 0.10514259338378906
1534 0.1690387725830078
1529 0.08606910705566406
1529 0.13017654418945312
1529 0.07510185241699219
1529 0.06008148193359375
1494 0.10991096496582031
1494 0.12087821960449219
1494 0.031948089599609375
1494 0.13303756713867188
1494 0.11587142944335938
1494 0.09298324584960938
1494 0.06794929504394531
1483 0.04792213439941406
1483 0.03504753112792969
1483 0.1010894775390625
1483 0.03600120544433594
1483 0.04982948303222656
1483 0.017881393432617188
1483 0.13518333435058594
1478 0.125885009765625
1470 0.13685226440429688
1467 0.07891654968261719
1467 0.13303756713867188
1462 0.0400543212890625
1462 0.050067901611328125
1462 0.03600120544433594
1462 0.10895729064941406
1462 0.030994415283203125
1462 0.03790855407714844
1462 0.015974044799804688
1462 0.13685226440429688
1462 0.13184547424316406
1462 0.0629425048828125
1456 0.11610984802246094
1456 0.06008148193359375
1456 0.025033950805664062
1452 0.06914138793945312
1452 0.052928924560546875
1452 0.1590251922607422
1452 0.04696846008300781
1452 0.057220458984375
1452 0.041961669921875
1452 0.06413459777832031
1452 0.10895729064941406
1452 0.11801719665527344
1452 0.0820159912109375
1452 0.12302398681640625
1452 0.028848648071289062
1452 0.12493133544921875
1452 0.031948089599609375
1452 0.1327991485595703
1452 0.08893013000488281
1452 0.04291534423828125
1452 0.05698204040527344
1452 0.04410743713378906
1443 0.11396408081054688
1443 0.026941299438476562
1443 0.025987625122070312
1441 0.025033950805664062
1437 0.09608268737792969
1437 0.11992454528808594
1429 0.13399124145507812
1429 0.10585784912109375
1429 0.052928924560546875
1429 0.029087066650390625
1429 0.06103515625
1421 0.1308917999267578
1421 0.11396408081054688
1421 0.030994415283203125
1421 0.047206878662109375
1421 0.2899169921875
1421 0.21386146545410156
1421 0.05793571472167969
1421 0.10895729064941406
1421 0.11515617370605469
1421 0.09703636169433594
1421 0.10013580322265625
1421 0.06914138793945312
1421 0.07796287536621094
1421 0.10204315185546875
1421 0.13113021850585938
1421 0.06508827209472656
1421 0.1010894775390625
1421 0.03790855407714844
1421 0.09298324584960938
1421 0.054836273193359375
1421 0.11491775512695312
1421 0.11110305786132812
1421 0.10204315185546875
1421 0.06008148193359375
1421 0.03409385681152344
1421 0.04696846008300781
1421 0.0591278076171875
1421 0.07605552673339844
1420 0.07796287536621094
1416 0.1461505889892578
1416 0.07200241088867188
1416 0.08416175842285156
1416 0.13589859008789062
1416 0.031948089599609375
1416 0.08606910705566406
1416 0.1399517059326172
1416 0.11014938354492188
1416 0.10991096496582031
1416 0.1270771026611328
1416 0.07009506225585938
1416 0.11515617370605469
1416 0.09512901306152344
1416 0.041961669921875
1414 0.10704994201660156
1413 0.07319450378417969
1413 0.11205673217773438
1413 0.14710426330566406
1413 0.13303756713867188
1413 0.027894973754882812
1413 0.10704994201660156
1413 0.1068115234375
1413 0.14495849609375
1413 0.06508827209472656
1413 0.07319450378417969
1413 0.102996826171875
1413 0.10418891906738281
1413 0.1468658447265625
1413 0.06079673767089844
1386 0.04696846008300781
1386 0.04792213439941406
1386 0.06580352783203125
1386 0.030994415283203125
1386 0.03600120544433594
1386 0.11610984802246094
1377 0.10204315185546875
1377 0.016927719116210938
1377 0.029087066650390625
1377 0.03409385681152344
1377 0.05793571472167969
1377 0.11610984802246094
1377 0.051975250244140625
1377 0.03314018249511719
1353 0.11897087097167969
1353 0.11920928955078125
1353 0.0400543212890625
1353 0.10204315185546875
1353 0.053882598876953125
1353 0.030040740966796875
1353 0.11897087097167969
1353 0.09703636169433594
1352 0.0400543212890625
1352 0.01811981201171875
1352 0.12493133544921875
1352 0.034809112548828125
1352 0.08177757263183594
1352 0.07700920104980469
1352 0.10395050048828125
1351 0.13494491577148438
1351 0.017881393432617188
1351 0.0400543212890625
1351 0.0171661376953125
1351 0.025987625122070312
1351 0.10609626770019531
1351 0.07486343383789062
1347 0.05984306335449219
1347 0.051021575927734375
1343 0.034809112548828125
1343 0.06794929504394531
1327 0.07891654968261719
1327 0.09703636169433594
1327 0.050067901611328125
1327 0.0591278076171875
1327 0.018835067749023438
1327 0.1010894775390625
1327 0.04792213439941406
1327 0.04100799560546875
1327 0.04982948303222656
1327 0.03218650817871094
1327 0.09393692016601562
1327 0.06699562072753906
1327 0.049114227294921875
1327 0.03695487976074219
1327 0.05221366882324219
1327 0.0400543212890625
1327 0.04482269287109375