73514 126.77597999572754
73457 0.804901123046875
73431 1.055002212524414
73431 2.168893814086914
73431 0.8089542388916016
73406 0.5338191986083984
73404 0.10800361633300781
73392 2.1429061889648438
73392 0.15997886657714844
73385 0.15592575073242188
73324 3.5240650177001953
73307 0.4260540008544922
73307 0.26702880859375
73278 1.4629364013671875
73276 1.0399818420410156
73270 0.9059906005859375
73270 2.713918685913086
73270 0.7040500640869141
73215 0.8249282836914062
73209 1.0819435119628906
73209 0.9908676147460938
73209 0.09202957153320312
73209 0.4439353942871094
73196 3.0128955841064453
73196 0.2110004425048828
73119 0.36978721618652344
73072 0.04506111145019531
73072 2.8150081634521484
73028 0.14901161193847656
73028 0.4830360412597656
73028 2.3651123046875
73028 0.8671283721923828
73028 3.1938552856445312
73016 2.4878978729248047
73014 0.25200843811035156
73009 0.1308917999267578
72994 0.3540515899658203
72969 0.06794929504394531
72926 0.09417533874511719
72900 2.3920536041259766
72897 0.5710124969482422
72880 1.0938644409179688
72868 1.7840862274169922
72793 2.479076385498047
72793 2.3529529571533203
72793 0.2391338348388672
72793 2.936124801635742
72724 0.8449554443359375
72724 0.21314620971679688
72724 2.527952194213867
72698 0.3590583801269531
72641 0.06079673767089844
72641 0.20384788513183594
72616 0.9679794311523438
72591 1.2278556823730469
72591 2.3391246795654297
72576 2.3300647735595703
72576 0.47397613525390625
72576 0.21004676818847656
72576 1.730203628540039
72569 0.07104873657226562
72530 1.7230510711669922
72487 0.3120899200439453
72483 1.928091049194336
72483 1.0499954223632812
72466 0.7770061492919922
72466 2.3839473724365234
72466 2.871990203857422
72463 0.2319812774658203
72463 1.6489028930664062
72462 0.43511390686035156
72462 1.917123794555664
72435 0.03790855407714844
72435 3.1669139862060547
72432 1.4801025390625
72432 2.1970272064208984
72395 1.9059181213378906
72395 0.6668567657470703
72384 2.2950172424316406
72384 1.1429786682128906
72353 0.4608631134033203
72353 0.6079673767089844
72311 0.7119178771972656
72311 2.3200511932373047
72311 0.8308887481689453
72282 1.795053482055664
72233 0.9410381317138672
72233 2.38800048828125
72196 0.8990764617919922
72160 2.758026123046875
72111 0.10514259338378906
72111 0.16498565673828125
72058 0.08702278137207031
72058 1.0690689086914062
72058 2.5060176849365234
72021 1.695871353149414
72021 1.3380050659179688
72003 0.576019287109375
72003 0.2090930938720703
71985 0.26416778564453125
71985 2.4640560150146484
71912 0.06198883056640625
71896 1.8088817596435547
71896 2.8259754180908203
71896 0.32711029052734375
71862 0.5910396575927734
71821 1.7418861389160156
71821 2.775907516479492
71799 1.1570453643798828
71780 0.4839897155761719
71766 2.473115921020508
71728 0.5421638488769531
71711 0.49495697021484375
71711 2.279043197631836
71672 2.012968063354492
71672 2.296924591064453
71666 1.093149185180664
71666 0.6279945373535156
71636 2.151012420654297
71636 1.3070106506347656
71636 2.9098987579345703
71636 0.06103515625
71636 0.36716461181640625
71632 1.3439655303955078
71618 2.972841262817383
71618 0.07200241088867188
71604 0.10895729064941406
71598 0.7929801940917969
71598 0.225067138671875
71533 0.30994415283203125
71489 0.7028579711914062
71479 2.933979034423828
71479 1.7321109771728516
71479 2.566814422607422
71479 2.149820327758789
71479 0.1659393310546875
71479 0.720977783203125
71469 0.5180835723876953
71469 0.041961669921875
71431 1.2731552124023438
71431 3.000974655151367
71431 0.7278919219970703
71431 1.5327930450439453
71430 0.9138584136962891
71424 2.4890899658203125
71424 0.5462169647216797
71412 0.13303756713867188
71403 2.550840377807617
71400 0.5619525909423828
71399 1.332998275756836
71399 1.6870498657226562
71370 1.9288063049316406
71370 0.12683868408203125
71370 0.4649162292480469
71370 1.8489360809326172
71360 0.06008148193359375
71360 1.0609626770019531
71348 0.09202957153320312
71328 0.4730224609375
71324 1.6930103302001953
71298 1.6999244689941406
71287 0.6771087646484375
71287 0.4291534423828125
71283 0.5331039428710938
71283 2.3670196533203125
71283 0.07009506225585938
71267 1.6188621520996094
71255 2.074003219604492
71228 0.2009868621826172
71205 1.3020038604736328
71191 0.07104873657226562
71191 0.17786026000976562
71189 0.31495094299316406
71184 0.09202957153320312
71184 1.3580322265625
71134 2.8090476989746094
71134 0.3170967102050781
71112 1.2869834899902344
71112 0.4401206970214844
71112 2.7921199798583984
71104 0.12803077697753906
71104 0.8721351623535156
71102 1.3010501861572266
71102 2.7379989624023438
71095 2.4538040161132812
71095 0.6458759307861328
71095 1.2350082397460938
71095 0.2071857452392578
71094 3.119945526123047
71068 0.7169246673583984
71009 0.5950927734375
71009 0.3790855407714844
70998 0.3650188446044922
70998 0.6251335144042969
70998 1.9879341125488281
70998 1.9991397857666016
70962 1.8279552459716797
70935 0.5018711090087891
70923 0.09608268737792969
70889 1.1219978332519531
70889 1.5239715576171875
70872 0.08797645568847656
70861 0.6279945373535156
70837 2.5768280029296875
70837 0.1900196075439453
70776 0.392913818359375
70776 0.4589557647705078
70776 2.691030502319336
70776 0.7808208465576172
70747 2.128124237060547
70747 1.1539459228515625
70747 2.201080322265625
70738 2.4809837341308594
70738 0.47206878662109375
70703 0.5869865417480469
70664 2.068042755126953
70664 0.41604042053222656
70664 0.1518726348876953
70664 0.08487701416015625
70664 2.8228759765625
70656 1.3439655303955078
70610 2.7670860290527344
70610 0.07510185241699219
70610 0.2570152282714844
70609 0.2231597900390625
70599 0.7541179656982422
70599 0.38313865661621094
70599 1.4770030975341797
70583 1.1088848114013672
70583 0.3528594970703125
70583 0.5030632019042969
70583 1.0578632354736328
70583 0.2989768981933594
70559 0.3159046173095703
70559 0.04100799560546875
70559 1.110076904296875
70559 0.06198883056640625
70485 0.5600452423095703
70485 0.4990100860595703
70485 2.351999282836914
70485 2.2001266479492188
70470 1.2440681457519531
70464 0.4858970642089844
70460 1.3840198516845703
70460 2.880096435546875
70433 0.30803680419921875
70413 2.351999282836914
70363 2.7620792388916016
70353 0.5409717559814453
70263 1.1551380157470703
70263 0.35190582275390625
70247 0.2989768981933594
70205 2.6671886444091797
70188 2.432107925415039
70188 2.0818710327148438
70131 0.22983551025390625
70113 3.0770301818847656
70100 0.2551078796386719
70095 1.6632080078125
70095 2.8259754180908203
70086 0.08893013000488281
70050 1.8579959869384766
70050 2.774953842163086
70050 1.7609596252441406
70040 0.2789497375488281
70017 1.2950897216796875
70017 3.2749176025390625
69979 1.325845718383789
69956 2.3040771484375
69956 0.2849102020263672
69955 1.6140937805175781
69955 0.44417381286621094
69955 0.9138584136962891
69909 2.4080276489257812
69882 1.3179779052734375
69882 1.0118484497070312
69804 2.3272037506103516
69774 1.233816146850586
69774 2.8688907623291016
69747 0.1590251922607422
69747 0.9999275207519531
69747 2.541065216064453
69726 1.837015151977539
69726 2.4759769439697266
69726 0.7011890411376953
69726 0.23794174194335938
69708 0.15687942504882812
69690 2.321004867553711
69690 0.7250308990478516
69690 1.3031959533691406
69672 1.9650459289550781
69650 0.17690658569335938
69650 0.8549690246582031
69650 2.488851547241211
69628 1.0118484497070312
69628 2.2470951080322266
69628 1.8768310546875
69628 1.0898113250732422
69578 1.0249614715576172
69578 1.6300678253173828
69578 1.8532276153564453
69578 1.9750595092773438
69578 0.19598007202148438
69545 1.3148784637451172
69545 0.9920597076416016
69545 2.562999725341797
69545 0.6129741668701172
69537 2.457857131958008
69537 0.3139972686767578
69537 2.2170543670654297
69529 0.06604194641113281
69529 2.5827884674072266
69529 0.7498264312744141
69526 0.21696090698242188
69500 0.06985664367675781
69500 2.4979114532470703
69480 0.576019287109375
69480 1.6160011291503906
69458 0.41413307189941406
69458 2.03704833984375
69458 0.04601478576660156
69457 0.5061626434326172
69429 3.0150413513183594
69417 2.485990524291992
69397 0.6120204925537109
69397 0.17499923706054688
69388 1.706838607788086
69388 0.1270771026611328
69382 3.072977066040039
69382 2.8839111328125
69377 0.3440380096435547
69377 2.6280879974365234
69367 0.3440380096435547
69330 2.772092819213867
69330 0.2989768981933594
69330 0.3268718719482422
69323 0.4608631134033203
69323 2.054929733276367
69311 1.9681453704833984
69311 0.6499290466308594
69279 2.301931381225586
69270 1.0221004486083984
69270 0.25081634521484375
69270 0.1239776611328125
69270 1.795053482055664
69270 1.2810230255126953
69244 4.519224166870117
69240 2.7930736541748047
69240 1.978158950805664
69240 1.7499923706054688
69203 0.39505958557128906
69203 3.2219886779785156
69201 1.712799072265625
69201 2.719879150390625
69190 0.8180141448974609
69184 1.6949176788330078
69184 0.759124755859375
69184 0.7281303405761719
69180 2.8848648071289062
69147 2.6481151580810547
69147 2.3250579833984375
69147 1.0161399841308594
69144 0.2448558807373047
69144 2.3589134216308594
69125 1.2581348419189453
69109 0.10704994201660156
69109 2.3720264434814453
69109 0.5080699920654297
69070 2.743959426879883
69045 0.3819465637207031
69045 0.20194053649902344
69036 0.2810955047607422
69033 0.6761550903320312
69033 0.2028942108154297
69033 0.3008842468261719
69033 3.0508041381835938
69033 1.748800277709961
69033 1.3880729675292969
69033 1.7859935760498047
69033 1.7740726470947266
69033 0.6859302520751953
69033 2.953052520751953
69033 2.3310184478759766
69033 0.6639957427978516
69021 1.2819766998291016
69011 1.7781257629394531
68999 0.5431175231933594
68990 0.5481243133544922
68972 1.973867416381836
68972 3.9589405059814453
68972 3.145933151245117
68972 2.6869773864746094
68970 1.89208984375
68962 2.8181076049804688
68954 2.5849342346191406
68954 0.11205673217773438
68954 2.240896224975586
68940 0.45108795166015625
68940 0.7159709930419922
68940 0.45800209045410156
68884 2.424955368041992
68874 1.5759468078613281
68867 3.1919479370117188
68831 0.33211708068847656
68807 2.969980239868164
68807 2.8030872344970703
68807 1.3790130615234375
68777 0.5252361297607422
68776 1.9299983978271484
68763 1.4090538024902344
68737 0.0438690185546875
68729 3.384828567504883
68707 1.8870830535888672
68707 0.4508495330810547
68661 0.11610984802246094
68641 0.4990100860595703
68641 1.0001659393310547
68629 0.07295608520507812
68611 3.117084503173828
68611 1.775979995727539
68611 1.0290145874023438
68611 0.8649826049804688
68596 1.6090869903564453
68596 2.724885940551758
68596 2.9180049896240234
68588 2.2308826446533203
68588 2.5391578674316406
68574 1.2960433959960938
68556 0.9438991546630859
68556 0.05984306335449219
68556 1.2478828430175781
68556 0.08988380432128906
68556 0.9870529174804688
68556 0.47898292541503906
68551 1.3060569763183594
68551 1.3239383697509766
68551 0.053882598876953125
68544 1.3430118560791016
68544 0.28395652770996094
68514 2.3720264434814453
68514 1.2249946594238281
68486 1.2981891632080078
68471 0.5018711090087891
68471 0.6539821624755859
68469 0.21791458129882812
68461 0.3769397735595703
68461 0.08511543273925781
68441 0.9629726409912109
68441 0.07104873657226562
68419 0.16307830810546875
68348 1.8911361694335938
68348 0.7090568542480469
68346 1.2390613555908203
68346 1.129150390625
68323 2.7010440826416016
68303 0.5221366882324219
68303 0.31185150146484375
68303 0.22602081298828125
68257 2.3691654205322266
68257 2.5110244750976562
68250 2.457857131958008
68246 1.394033432006836
68246 2.5818347930908203
68246 0.7069110870361328
68213 1.310110092163086
68213 0.1010894775390625
68213 1.1899471282958984
68189 1.3039112091064453
68181 0.6258487701416016
68140 1.7549991607666016
68140 0.11181831359863281
68140 2.660036087036133
68137 1.3289451599121094
68137 1.3079643249511719
68128 2.5730133056640625
68128 1.7189979553222656
68123 2.5720596313476562
68074 0.6821155548095703
68067 0.10800361633300781
68067 0.3139972686767578
68067 0.47588348388671875
68037 1.2688636779785156
68037 0.1838207244873047
68037 1.1479854583740234
68012 0.30994415283203125
68003 1.252889633178711
67985 0.11205673217773438
67982 0.18715858459472656
67982 1.2841224670410156
67968 0.2391338348388672
67945 0.13399124145507812
67922 1.2028217315673828
67922 2.557992935180664
67922 0.7441043853759766
67922 2.5200843811035156
67919 0.8502006530761719
67919 0.6899833679199219
67899 2.507925033569336
67899 2.8290748596191406
67886 0.4570484161376953
67886 0.47707557678222656
67886 0.3199577331542969
67885 2.2420883178710938
67885 2.69317626953125
67860 0.7891654968261719
67860 0.2980232238769531
67860 2.3658275604248047
67860 1.2328624725341797
67830 1.2350082397460938
67827 0.09799003601074219
67800 1.6331672668457031
67800 0.9660720825195312
67800 0.8771419525146484
67800 1.1818408966064453
67800 0.1289844512939453
67800 1.7409324645996094
67800 0.13208389282226562
67787 2.279996871948242
67787 1.27410888671875
67787 0.1919269561767578
67787 0.2791881561279297
67786 0.8370876312255859
67744 2.624034881591797
67723 1.5239715576171875
67717 0.102996826171875
67717 0.4029273986816406
67717 2.3040771484375
67717 2.7229785919189453
67704 1.5299320220947266
67704 0.5381107330322266
67704 2.0711421966552734
67686 0.26988983154296875
67680 1.728057861328125
67680 0.12302398681640625
67680 1.2769699096679688
67680 0.6749629974365234
67671 0.07295608520507812
67662 0.6399154663085938
67662 0.6198883056640625
67653 0.7719993591308594
67642 0.9307861328125
67614 2.2051334381103516
67614 1.3659000396728516
67609 0.9570121765136719
67609 0.11396408081054688
67609 1.8088817596435547
67609 1.6410350799560547
67552 0.5800724029541016
67523 0.4298686981201172
67523 0.32711029052734375
67521 2.3469924926757812
67521 0.8649826049804688
67521 0.05602836608886719
67521 1.4491081237792969
67521 0.2028942108154297
67513 0.17905235290527344
67464 1.4090538024902344
67430 1.5349388122558594
67430 0.5040168762207031
67430 0.5280971527099609
67424 0.37407875061035156
67424 0.6308555603027344
67413 0.9970664978027344
67413 0.8800029754638672
67409 1.2159347534179688
67406 0.9219646453857422
67385 1.3279914855957031
67352 0.09894371032714844
67328 1.3110637664794922
67326 1.0058879852294922
67315 0.3039836883544922
67269 0.18286705017089844
67247 0.8928775787353516
67246 0.2129077911376953
67229 0.17690658569335938
67229 1.3279914855957031
67229 0.4107952117919922
67203 1.4019012451171875
67203 0.2560615539550781
67137 1.9140243530273438
67137 1.6009807586669922
67110 1.3859272003173828
67110 0.3590583801269531
67110 0.5030632019042969
67110 1.5301704406738281
67110 0.8800029754638672
67098 2.4280548095703125
67098 1.9021034240722656
67098 0.24700164794921875
67098 0.11301040649414062
67074 0.30112266540527344
67047 0.4761219024658203
67047 0.19121170043945312
66974 1.2829303741455078
66961 0.28896331787109375
66951 0.9870529174804688
66951 1.538991928100586
66902 1.5799999237060547
66891 0.6420612335205078
66891 1.1608600616455078
66891 2.4309158325195312
66891 0.19288063049316406
66891 0.14781951904296875
66865 0.3619194030761719
66810 1.3949871063232422
66747 1.5728473663330078
66747 0.08296966552734375
66714 1.0411739349365234
66688 1.2700557708740234
66663 1.3129711151123047
66655 0.09822845458984375
66655 1.2669563293457031
66655 0.5340576171875
66655 0.55694580078125
66655 1.3680458068847656
66655 0.14519691467285156
66655 0.8740425109863281
66644 0.19788742065429688
66623 4.149913787841797
66607 0.5581378936767578
66607 0.17499923706054688
66607 2.769947052001953
66589 2.2149085998535156
66577 2.4309158325195312
66577 0.32401084899902344
66577 0.3581047058105469
66539 2.087116241455078
66510 0.6530284881591797
66506 0.16999244689941406
66505 2.69317626953125
66505 1.5912055969238281
66482 0.5538463592529297
66482 1.3110637664794922
66482 0.3368854522705078
66482 1.5180110931396484
66482 2.5179386138916016
66482 0.6392002105712891
66468 0.5280971527099609
66461 1.9528865814208984
66461 2.2029876708984375
66461 2.071857452392578
66461 0.7939338684082031
66431 2.2401809692382812
66421 0.9410381317138672
66413 2.0291805267333984
66413 3.139019012451172
66391 1.8680095672607422
66391 0.7078647613525391
66391 1.1391639709472656
66391 0.0438690185546875
66385 1.344919204711914
66381 2.287149429321289
66357 0.37598609924316406
66357 0.23412704467773438
66357 1.302957534790039
66350 0.9720325469970703
66310 0.21886825561523438
66310 1.631021499633789
66272 0.5497932434082031
66262 0.15115737915039062
66262 0.965118408203125
66252 2.4847984313964844
66238 2.147197723388672
66238 2.543926239013672
66215 0.3769397735595703
66215 0.8349418640136719
66215 0.025987625122070312
66190 0.8440017700195312
66182 1.33514404296875
66182 0.17595291137695312
66181 0.47898292541503906
66095 2.7511119842529297
66095 0.3161430358886719
66095 1.3070106506347656
66095 0.06699562072753906
66095 0.041961669921875
66069 0.6749629974365234
66063 0.052928924560546875
66051 2.035856246948242
66045 1.0330677032470703
66045 0.10418891906738281
66045 1.1599063873291016
66032 1.9981861114501953
66028 0.28014183044433594
66007 0.1239776611328125
66007 2.5789737701416016
66000 0.080108642578125
65990 0.5159378051757812
65990 2.460956573486328
65959 0.04506111145019531
65959 0.4551410675048828
65918 1.1479854583740234
65918 0.30112266540527344
65918 0.12087821960449219
65892 2.0918846130371094
65874 0.2970695495605469
65874 1.931905746459961
65861 1.2679100036621094
65861 0.09799003601074219
65856 2.115011215209961
65856 0.18906593322753906
65815 0.5879402160644531
65801 1.4989376068115234
65753 2.643108367919922
65747 1.1830329895019531
65747 1.4460086822509766
65747 1.1730194091796875
65747 0.19812583923339844
65747 1.8870830535888672
65747 2.2079944610595703
65745 2.501964569091797
65733 1.3248920440673828
65731 0.4680156707763672
65731 0.07009506225585938
65721 1.1439323425292969
65721 0.8780956268310547
65721 0.3228187561035156
65721 0.1990795135498047
65721 0.6520748138427734
65717 0.209808349609375
65688 2.4340152740478516
65679 0.9219646453857422
65675 2.340078353881836
65675 1.5888214111328125
65675 0.047206878662109375
65669 1.8091201782226562
65669 0.03504753112792969
65669 1.4870166778564453
65669 0.8029937744140625
65669 0.3178119659423828
65669 2.538919448852539
65660 0.5960464477539062
65660 0.43392181396484375
65644 1.2440681457519531
65644 1.6248226165771484
65594 0.8490085601806641
65594 0.1010894775390625
65593 2.370119094848633
65556 0.8301734924316406
65556 0.08511543273925781
65556 0.39005279541015625
65556 0.03600120544433594
65556 0.15211105346679688
65548 2.0999908447265625
65548 2.4700164794921875
65548 0.2911090850830078
65541 1.5299320220947266
65541 2.279996871948242
65541 0.24080276489257812
65541 0.7259845733642578
65523 1.2691020965576172
65523 0.2048015594482422
65483 0.9081363677978516
65483 0.4889965057373047
65483 0.49805641174316406
65483 0.6930828094482422
65483 0.041961669921875
65483 1.8780231475830078
65449 0.7321834564208984
65449 2.463102340698242
65413 0.19598007202148438
65409 0.3020763397216797
65409 2.4220943450927734
65352 1.1000633239746094
65352 0.244140625
65349 2.5861263275146484
65349 0.9589195251464844
65293 0.5600452423095703
65276 0.30303001403808594
65260 0.4799365997314453
65260 1.2340545654296875
65256 0.4558563232421875
65223 2.1131038665771484
65223 1.1889934539794922
65223 0.04315376281738281
65223 1.1031627655029297
65223 0.28014183044433594
65223 0.13113021850585938
65205 1.1959075927734375
65179 2.0389556884765625
65159 0.39386749267578125
65159 1.8401145935058594
65159 2.237081527709961
65159 1.177072525024414
65154 0.06508827209472656
65154 1.0361671447753906
65154 0.3330707550048828
65144 1.7859935760498047
65120 0.33593177795410156
65120 1.748800277709961
65120 0.05793571472167969
65114 0.3230571746826172
65114 1.5711784362792969
65114 0.30803680419921875
65114 1.489877700805664
65114 0.07700920104980469
65096 0.4220008850097656
65096 0.4329681396484375
65092 1.4088153839111328
65092 0.2288818359375
65073 0.9360313415527344
65037 0.5970001220703125
65011 1.1491775512695312
65002 1.4979839324951172
65002 0.5679130554199219
65002 0.8599758148193359
65002 0.7319450378417969
65002 0.1590251922607422
64973 0.39005279541015625
64952 0.44918060302734375
64925 0.28705596923828125
64925 0.7798671722412109
64908 0.7419586181640625
64908 0.42319297790527344
64905 1.3589859008789062
64879 1.1968612670898438
64879 0.3819465637207031
64879 0.030040740966796875
64879 1.0409355163574219
64836 0.7548332214355469
64836 0.6771087646484375
64827 0.8080005645751953
64809 0.6539821624755859
64805 0.0400543212890625
64801 1.4920234680175781
64747 1.0879039764404297
64736 0.6070137023925781
64736 0.32401084899902344
64736 1.7309188842773438
64736 0.12803077697753906
64736 0.6799697875976562
64736 0.19216537475585938
64736 0.8461475372314453
64714 0.6270408630371094
64714 0.2498626708984375
64714 0.4830360412597656
64714 0.4208087921142578
64714 1.1398792266845703
64714 0.13494491577148438
64684 0.2009868621826172
64680 0.6020069122314453
64680 1.338958740234375
64680 0.6079673767089844
64666 0.32901763916015625
64655 0.19097328186035156
64651 0.09703636169433594
64651 1.1641979217529297
64651 1.1401176452636719
64651 0.12803077697753906
64651 0.19097328186035156
64642 0.5290508270263672
64642 1.341104507446289
64642 0.4181861877441406
64629 0.3371238708496094
64629 1.0981559753417969
64577 1.194000244140625
64577 0.7469654083251953
64577 1.3599395751953125
64485 0.23889541625976562
64485 0.3390312194824219
64457 0.15091896057128906
64437 1.2450218200683594
64425 0.9160041809082031
64401 0.7269382476806641
64401 0.3399848937988281
64401 0.0209808349609375
64394 1.5289783477783203
64379 0.514984130859375
64379 1.1649131774902344
64330 0.6079673767089844
64330 0.43201446533203125
64330 0.6139278411865234
64330 0.1780986785888672
64330 0.9789466857910156
64295 0.4611015319824219
64295 0.8499622344970703
64295 1.024007797241211
64295 1.2369155883789062
64295 0.7081031799316406
64288 0.26702880859375
64277 0.34499168395996094
64277 1.3301372528076172
64248 0.5621910095214844
64248 0.61798095703125
64220 0.6999969482421875
64220 0.49185752868652344
64218 0.2319812774658203
64187 0.13685226440429688
64187 0.6978511810302734
64185 0.1919269561767578
64171 0.2620220184326172
64171 0.09512901306152344
64151 0.4589557647705078
64151 1.0559558868408203
64151 1.0840892791748047
64151 0.6661415100097656
64142 0.8530616760253906
64142 2.290964126586914
64133 1.9679069519042969
64133 1.3480186462402344
64133 1.0218620300292969
64133 0.5991458892822266
64112 2.0380020141601562
64112 0.4661083221435547
64112 0.2090930938720703
64112 0.2868175506591797
64112 0.27298927307128906
64112 0.3459453582763672
64062 0.11897087097167969
64062 1.0099411010742188
64062 1.3921260833740234
64055 0.35500526428222656
64055 0.9839534759521484
64055 0.1270771026611328
64051 0.1461505889892578
64045 1.2879371643066406
64045 1.4710426330566406
64037 0.3879070281982422
63983 0.8301734924316406
63980 1.8880367279052734
63969 1.5909671783447266
63969 0.2651214599609375
63907 1.2178421020507812
63893 0.17404556274414062
63893 0.47898292541503906
63893 0.9272098541259766
63893 1.2011528015136719
63893 0.37217140197753906
63893 0.1461505889892578
63877 0.86212158203125
63828 0.43511390686035156
63811 0.04410743713378906
63803 1.5141963958740234
63803 1.4681816101074219
63803 0.13399124145507812
63803 0.8840560913085938
63803 0.6270408630371094
63803 0.3788471221923828
63803 0.3750324249267578
63803 0.3581047058105469
63803 0.1380443572998047
63803 0.7710456848144531
63767 0.7262229919433594
63742 0.6680488586425781
63701 1.0671615600585938
63679 1.0390281677246094
63660 0.5841255187988281
63660 0.3120899200439453
63660 0.4761219024658203
63660 0.43010711669921875
63660 0.5459785461425781
63660 0.9829998016357422
63618 0.45108795166015625
63618 0.4420280456542969
63618 0.43201446533203125
63610 0.48613548278808594
63585 0.27298927307128906
63573 0.06604194641113281
63573 1.5411376953125
63573 1.0199546813964844
63532 0.5841255187988281
63532 0.7190704345703125
63532 1.1019706726074219
63532 0.9031295776367188
63532 0.5230903625488281
63499 4.297018051147461
63476 1.9810199737548828
63474 2.089977264404297
63459 0.09608268737792969
63456 0.42819976806640625
63454 1.338958740234375
63431 0.2300739288330078
63431 0.4029273986816406
63431 0.5559921264648438
63427 1.1739730834960938
63419 0.3268718719482422
63413 0.9348392486572266
63368 0.3771781921386719
63368 0.4780292510986328
63368 0.5288124084472656
63355 0.26798248291015625
63355 0.15997886657714844
63336 0.4329681396484375
63307 0.09703636169433594
63285 0.5660057067871094
63285 0.34809112548828125
63255 0.23794174194335938
63239 1.2078285217285156
63239 0.5040168762207031
63239 1.0368824005126953
63239 0.3418922424316406
63235 0.286102294921875
63235 0.44608116149902344
63235 0.8540153503417969
63235 2.048969268798828
63235 0.202178955078125
63235 0.36787986755371094
63202 0.2849102020263672
63188 1.5878677368164062
63188 0.4699230194091797
63188 0.18596649169921875