458 0.4391670227050781
440 0.06008148193359375
440 0.031948089599609375
413 0.03504753112792969
413 0.028848648071289062
395 0.029802322387695312
373 0.028848648071289062
354 0.032901763916015625
354 0.030040740966796875
352 0.03600120544433594
350 0.03600120544433594
342 0.027179718017578125
342 0.019788742065429688
342 0.028848648071289062
336 0.03409385681152344
315 0.03314018249511719
315 0.03600120544433594
315 0.02193450927734375
315 0.04100799560546875
307 0.017881393432617188
303 0.03600120544433594
303 0.030994415283203125
303 0.029802322387695312
280 0.0209808349609375
280 0.026941299438476562
261 0.031948089599609375
261 0.02002716064453125
261 0.017881393432617188
260 0.03409385681152344
260 0.02002716064453125
260 0.01811981201171875
260 0.02193450927734375
259 0.032901763916015625
259 0.02288818359375
259 0.030994415283203125
259 0.024080276489257812
259 0.023126602172851562
250 0.03695487976074219
250 0.026941299438476562
250 0.030994415283203125
248 0.019073486328125
239 0.02002716064453125
239 0.02002716064453125
239 0.018835067749023438
239 0.041961669921875
239 0.031948089599609375
239 0.022172927856445312
239 0.02288818359375
239 0.01811981201171875
239 0.028133392333984375
239 0.018835067749023438
237 0.03886222839355469
237 0.051975250244140625
237 0.051021575927734375
237 0.030994415283203125
237 0.015020370483398438
229 0.03218650817871094
206 0.0438690185546875
206 0.031948089599609375
206 0.025987625122070312
206 0.015020370483398438
206 0.014066696166992188
206 0.02002716064453125
206 0.014066696166992188
197 0.031948089599609375
197 0.03600120544433594
196 0.04220008850097656
196 0.017881393432617188
196 0.024080276489257812
196 0.019073486328125
196 0.03910064697265625
196 0.02288818359375
196 0.022172927856445312
196 0.027894973754882812
196 0.025987625122070312
196 0.027894973754882812
188 0.0209808349609375
188 0.0069141387939453125
188 0.019073486328125
188 0.02193450927734375
188 0.014066696166992188
188 0.016927719116210938
188 0.023126602172851562
188 0.019073486328125
183 0.026941299438476562
183 0.024080276489257812
183 0.03314018249511719
183 0.018835067749023438
162 0.027894973754882812
162 0.023126602172851562
160 0.0209808349609375
160 0.041961669921875
160 0.01811981201171875
160 0.026941299438476562
160 0.029087066650390625
160 0.015020370483398438
160 0.015020370483398438
160 0.032901763916015625
156 0.029802322387695312
156 0.0209808349609375
156 0.016927719116210938
156 0.028133392333984375
156 0.02002716064453125
156 0.03504753112792969
156 0.0059604644775390625
156 0.031948089599609375
156 0.029087066650390625
156 0.019073486328125
156 0.03504753112792969
156 0.01811981201171875
156 0.018835067749023438
156 0.021219253540039062
156 0.02193450927734375
156 0.025987625122070312
152 0.02002716064453125
152 0.029087066650390625
152 0.025987625122070312
152 0.019073486328125
152 0.015974044799804688
152 0.022172927856445312
152 0.016927719116210938
152 0.025987625122070312
152 0.024080276489257812
152 0.015974044799804688
149 0.03790855407714844
149 0.025033950805664062
149 0.0059604644775390625
149 0.023126602172851562
147 0.0209808349609375
147 0.04410743713378906
147 0.03600120544433594
147 0.041961669921875
147 0.025987625122070312
147 0.03910064697265625
147 0.0209808349609375
147 0.02002716064453125
147 0.02193450927734375
140 0.04601478576660156
140 0.033855438232421875
140 0.01811981201171875
127 0.0069141387939453125
127 0.025987625122070312
127 0.03910064697265625
127 0.0209808349609375
127 0.0209808349609375
127 0.014781951904296875
127 0.0438690185546875
125 0.025987625122070312
125 0.028848648071289062
123 0.03981590270996094
123 0.02002716064453125
123 0.017881393432617188
123 0.03409385681152344
123 0.027894973754882812
116 0.030994415283203125
116 0.032901763916015625
114 0.031948089599609375
114 0.015974044799804688
114 0.031948089599609375
114 0.015020370483398438
114 0.015020370483398438
114 0.03910064697265625
114 0.0209808349609375
114 0.016927719116210938
114 0.025987625122070312
114 0.022172927856445312
114 0.029087066650390625
114 0.030994415283203125
114 0.03790855407714844
114 0.025033950805664062
114 0.022172927856445312
114 0.04506111145019531
114 0.02288818359375
114 0.04220008850097656
114 0.03504753112792969
114 0.04482269287109375
114 0.04100799560546875
114 0.016927719116210938
114 0.023126602172851562
114 0.015020370483398438
114 0.0059604644775390625
114 0.02002716064453125
114 0.03504753112792969
114 0.026941299438476562
114 0.028133392333984375
114 0.02193450927734375
107 0.031948089599609375
107 0.02384185791015625
107 0.0171661376953125
107 0.015020370483398438
107 0.0247955322265625
107 0.030040740966796875
100 0.025987625122070312
100 0.016927719116210938
100 0.02002716064453125
100 0.026941299438476562
100 0.015974044799804688
100 0.0059604644775390625
97 0.04100799560546875
97 0.030994415283203125
97 0.024080276489257812
97 0.0400543212890625
97 0.0069141387939453125
97 0.03910064697265625
97 0.02193450927734375
96 0.03409385681152344
96 0.041961669921875
96 0.027179718017578125
96 0.016927719116210938
96 0.03218650817871094
96 0.04482269287109375
96 0.028848648071289062
96 0.025987625122070312
96 0.015020370483398438
96 0.030040740966796875
96 0.029087066650390625
95 0.025987625122070312
95 0.024080276489257812
95 0.031948089599609375
95 0.0171661376953125
95 0.04982948303222656
95 0.022172927856445312
95 0.0400543212890625
95 0.03886222839355469
95 0.03314018249511719
95 0.030994415283203125
91 0.05412101745605469
91 0.02384185791015625
87 0.03886222839355469
87 0.0171661376953125
87 0.015020370483398438
87 0.014066696166992188
87 0.04100799560546875
87 0.04887580871582031
87 0.0059604644775390625
87 0.015020370483398438
87 0.031948089599609375
87 0.028133392333984375
87 0.025987625122070312
87 0.01621246337890625
87 0.05888938903808594
87 0.07081031799316406
86 0.06318092346191406
86 0.03910064697265625
86 0.04696846008300781
82 0.030040740966796875
80 0.026941299438476562
80 0.015974044799804688
80 0.015020370483398438
80 0.016927719116210938
80 0.025033950805664062
80 0.015974044799804688
80 0.051021575927734375
80 0.03600120544433594
80 0.025987625122070312
80 0.019788742065429688
80 0.018835067749023438
80 0.02193450927734375
80 0.0209808349609375
80 0.016927719116210938
80 0.02002716064453125
80 0.018835067749023438
76 0.017881393432617188
76 0.025033950805664062
76 0.025987625122070312
76 0.02002716064453125
76 0.015974044799804688
76 0.030994415283203125
76 0.03600120544433594
76 0.016927719116210938
76 0.015974044799804688
76 0.04887580871582031
76 0.007152557373046875
76 0.015020370483398438
76 0.033855438232421875
76 0.006198883056640625
75 0.054836273193359375
75 0.025987625122070312
75 0.041961669921875
75 0.016927719116210938
75 0.03600120544433594
75 0.027894973754882812
75 0.04506111145019531
75 0.026941299438476562
75 0.02288818359375
75 0.014066696166992188
75 0.024080276489257812
75 0.048160552978515625
75 0.030040740966796875
75 0.041961669921875
75 0.03910064697265625
75 0.07295608520507812
75 0.03910064697265625
72 0.034809112548828125
72 0.186920166015625
72 0.06008148193359375
72 0.051021575927734375
72 0.04601478576660156
72 0.11086463928222656
72 0.024080276489257812
72 0.041961669921875
72 0.019073486328125
72 0.034809112548828125
72 0.025033950805664062
72 0.032901763916015625
72 0.028133392333984375
72 0.0438690185546875
72 0.0069141387939453125
72 0.0209808349609375
72 0.028133392333984375
72 0.03504753112792969
72 0.03504753112792969
72 0.025033950805664062
72 0.017881393432617188
70 0.031948089599609375
70 0.025033950805664062
70 0.051975250244140625
70 0.017881393432617188
70 0.028133392333984375
70 0.025987625122070312
70 0.016927719116210938
70 0.03790855407714844
70 0.0069141387939453125
70 0.03814697265625
70 0.04410743713378906
70 0.02002716064453125
70 0.030040740966796875
70 0.015020370483398438
70 0.02002716064453125
70 0.04410743713378906
70 0.015020370483398438
70 0.024080276489257812
70 0.026941299438476562
70 0.03600120544433594
70 0.03910064697265625
70 0.030994415283203125
70 0.04100799560546875
70 0.018835067749023438
70 0.019073486328125
70 0.0059604644775390625
70 0.03504753112792969
70 0.03600120544433594
70 0.02384185791015625
70 0.027894973754882812
70 0.01811981201171875
70 0.04601478576660156
70 0.031948089599609375
70 0.04100799560546875
70 0.04601478576660156
70 0.034809112548828125
70 0.017881393432617188
70 0.01621246337890625
70 0.02384185791015625
70 0.048160552978515625
70 0.015974044799804688
70 0.04100799560546875
70 0.015974044799804688
70 0.03600120544433594
70 0.016927719116210938
70 0.049114227294921875
68 0.025033950805664062
68 0.024080276489257812
68 0.03695487976074219
68 0.02002716064453125
68 0.015020370483398438
68 0.016927719116210938
68 0.029087066650390625
68 0.031948089599609375
68 0.031948089599609375
68 0.030040740966796875
68 0.02288818359375
68 0.027179718017578125
68 0.03600120544433594
68 0.03910064697265625
68 0.032901763916015625
68 0.029087066650390625
68 0.0069141387939453125
68 0.022172927856445312
68 0.016927719116210938
68 0.026941299438476562
68 0.0209808349609375
68 0.03600120544433594
68 0.025987625122070312
68 0.03790855407714844
68 0.017881393432617188
68 0.028133392333984375
68 0.0069141387939453125
68 0.026941299438476562
68 0.024080276489257812
68 0.04601478576660156
68 0.024080276489257812
68 0.03814697265625
68 0.03981590270996094
68 0.0247955322265625
68 0.015020370483398438
68 0.028848648071289062
68 0.034809112548828125
68 0.03218650817871094
68 0.030040740966796875
68 0.024080276489257812
68 0.030994415283203125
68 0.03790855407714844
68 0.019073486328125
68 0.025033950805664062
68 0.029087066650390625
68 0.028133392333984375
68 0.04792213439941406
68 0.03314018249511719
68 0.016927719116210938
68 0.016927719116210938
68 0.030994415283203125
68 0.02288818359375
68 0.0171661376953125
68 0.027894973754882812
68 0.04100799560546875
68 0.02384185791015625
68 0.024080276489257812
68 0.031948089599609375
68 0.033855438232421875
68 0.025033950805664062
68 0.03814697265625
68 0.050067901611328125
68 0.025987625122070312
68 0.015020370483398438
68 0.030040740966796875
68 0.014066696166992188
68 0.033855438232421875
68 0.02193450927734375
68 0.04601478576660156
68 0.030994415283203125
68 0.04601478576660156
68 0.03910064697265625
68 0.03814697265625
68 0.030994415283203125
68 0.015020370483398438
68 0.03695487976074219
68 0.050067901611328125
68 0.016927719116210938
68 0.0059604644775390625
68 0.026941299438476562
68 0.019073486328125
68 0.031948089599609375
68 0.04315376281738281
68 0.016927719116210938
68 0.0050067901611328125
68 0.030040740966796875
68 0.03409385681152344
68 0.019073486328125
68 0.027894973754882812
68 0.029087066650390625
68 0.03814697265625
68 0.049114227294921875
68 0.02288818359375
68 0.03814697265625
68 0.031948089599609375
68 0.016927719116210938
68 0.027894973754882812
68 0.03910064697265625
66 0.03695487976074219
66 0.027894973754882812
66 0.027894973754882812
66 0.03409385681152344
66 0.01811981201171875
65 0.027179718017578125
65 0.026941299438476562
65 0.014066696166992188
65 0.019073486328125
65 0.030040740966796875
65 0.029087066650390625
65 0.014066696166992188
65 0.029087066650390625
65 0.025987625122070312
65 0.030994415283203125
65 0.0059604644775390625
65 0.030994415283203125
65 0.029087066650390625
65 0.023126602172851562
65 0.0400543212890625
65 0.025033950805664062
65 0.025987625122070312
65 0.03504753112792969
65 0.033855438232421875
65 0.02193450927734375
65 0.01811981201171875
65 0.029802322387695312
65 0.03695487976074219
65 0.019073486328125
65 0.0059604644775390625
65 0.01811981201171875
65 0.02288818359375
65 0.029087066650390625
65 0.015974044799804688
65 0.006198883056640625
65 0.033855438232421875
65 0.02193450927734375
65 0.03695487976074219
65 0.016927719116210938
65 0.03910064697265625
65 0.031948089599609375
65 0.025033950805664062
65 0.015020370483398438
65 0.03600120544433594
65 0.02193450927734375
65 0.015974044799804688
65 0.03910064697265625
65 0.024080276489257812
64 0.034809112548828125
64 0.0209808349609375
64 0.017881393432617188
64 0.034809112548828125
64 0.033855438232421875
64 0.030994415283203125
64 0.02384185791015625
64 0.03314018249511719
64 0.025033950805664062
64 0.041961669921875
64 0.027179718017578125
64 0.0069141387939453125
64 0.0059604644775390625
64 0.028133392333984375
64 0.03600120544433594
64 0.026941299438476562
64 0.02193450927734375
64 0.032901763916015625
63 0.04601478576660156
63 0.027894973754882812
63 0.025987625122070312
62 0.03600120544433594
62 0.0209808349609375
62 0.017881393432617188
62 0.031948089599609375
62 0.025033950805664062
62 0.03600120544433594
62 0.0069141387939453125
62 0.019073486328125
62 0.028133392333984375
62 0.02288818359375
62 0.03504753112792969
62 0.01811981201171875
62 0.026941299438476562
61 0.022172927856445312
61 0.025033950805664062
61 0.02002716064453125
61 0.016927719116210938
61 0.030040740966796875
61 0.03814697265625
61 0.016927719116210938
61 0.01621246337890625
61 0.03790855407714844
61 0.030994415283203125
61 0.026941299438476562
61 0.02193450927734375
61 0.015020370483398438
61 0.02002716064453125
61 0.033855438232421875
61 0.027179718017578125
61 0.025987625122070312
61 0.026941299438476562
61 0.03814697265625
61 0.028848648071289062
61 0.031948089599609375
61 0.016927719116210938
61 0.026226043701171875
61 0.015020370483398438
61 0.026941299438476562
61 0.02384185791015625
61 0.0209808349609375
61 0.027894973754882812
61 0.03719329833984375
61 0.016927719116210938
61 0.015020370483398438
61 0.016927719116210938
61 0.033855438232421875
61 0.019788742065429688
61 0.034809112548828125
61 0.018835067749023438
61 0.04220008850097656
61 0.030040740966796875
61 0.02193450927734375
61 0.015020370483398438
61 0.03910064697265625
61 0.015020370483398438
61 0.03409385681152344
61 0.03790855407714844
60 0.019073486328125
60 0.02288818359375
60 0.030994415283203125
60 0.0247955322265625
60 0.025987625122070312
60 0.03695487976074219
60 0.03600120544433594
60 0.024080276489257812
60 0.0209808349609375
60 0.03504753112792969
60 0.03600120544433594
60 0.025987625122070312
60 0.025987625122070312
60 0.025987625122070312
60 0.030994415283203125
60 0.03409385681152344
60 0.019073486328125
60 0.0059604644775390625
60 0.03695487976074219
60 0.0171661376953125
60 0.032901763916015625
60 0.0209808349609375
60 0.016927719116210938
60 0.023126602172851562
60 0.01621246337890625
60 0.034809112548828125
60 0.018835067749023438
60 0.024080276489257812
60 0.014066696166992188
60 0.0400543212890625
60 0.0209808349609375
59 0.03695487976074219
59 0.03695487976074219
59 0.0209808349609375
59 0.03695487976074219
59 0.025987625122070312
58 0.033855438232421875
58 0.04792213439941406
58 0.028133392333984375
58 0.027894973754882812
58 0.027179718017578125
58 0.018835067749023438
58 0.006198883056640625
58 0.017881393432617188
58 0.049114227294921875
58 0.04100799560546875
58 0.025987625122070312
58 0.025033950805664062
58 0.03409385681152344
58 0.0059604644775390625
58 0.0438690185546875
58 0.02193450927734375
58 0.025033950805664062
58 0.03886222839355469
58 0.04601478576660156
58 0.03910064697265625
57 0.023126602172851562
57 0.025987625122070312
57 0.02002716064453125
57 0.031948089599609375
57 0.04601478576660156
57 0.015020370483398438
57 0.006198883056640625
57 0.028848648071289062
57 0.02002716064453125
57 0.025987625122070312
57 0.019788742065429688
57 0.030994415283203125
57 0.016927719116210938
57 0.019788742065429688
57 0.02288818359375
57 0.029087066650390625
57 0.0209808349609375
57 0.030994415283203125
57 0.051975250244140625
57 0.014781951904296875
57 0.015974044799804688
57 0.04601478576660156
57 0.04601478576660156
57 0.03790855407714844
57 0.022172927856445312
57 0.04100799560546875
57 0.0059604644775390625
57 0.030994415283203125
57 0.03600120544433594
57 0.025987625122070312
57 0.03695487976074219
57 0.0400543212890625
57 0.03695487976074219
55 0.0209808349609375
55 0.015020370483398438
55 0.03790855407714844
55 0.04100799560546875
55 0.0059604644775390625
54 0.04982948303222656
54 0.025033950805664062
54 0.016927719116210938
54 0.025033950805664062
54 0.015020370483398438
54 0.030994415283203125
54 0.028848648071289062
54 0.03218650817871094
54 0.026941299438476562
54 0.02002716064453125
54 0.015974044799804688
54 0.01621246337890625
54 0.02384185791015625
54 0.09918212890625
54 0.051021575927734375
54 0.07009506225585938
54 0.14209747314453125
54 0.10609626770019531
54 0.06222724914550781
54 0.04315376281738281
54 0.08988380432128906
54 0.029802322387695312
54 0.07700920104980469
54 0.08606910705566406
54 0.05698204040527344
54 0.03218650817871094
54 0.012874603271484375
54 0.08320808410644531
54 0.011920928955078125
54 0.04315376281738281
54 0.07987022399902344
54 0.05602836608886719
54 0.03504753112792969
54 0.04601478576660156
54 0.08106231689453125
54 0.012159347534179688
53 0.041961669921875
53 0.053882598876953125
53 0.028848648071289062
53 0.033855438232421875
53 0.026941299438476562
53 0.052928924560546875
53 0.026941299438476562
53 0.10395050048828125
53 0.10800361633300781
53 0.07891654968261719
53 0.050067901611328125
53 0.07796287536621094
53 0.05698204040527344
53 0.026941299438476562
53 0.08082389831542969
53 0.03886222839355469
53 0.049114227294921875
53 0.031948089599609375
53 0.03981590270996094
53 0.08678436279296875
53 0.03790855407714844
53 0.0820159912109375
53 0.03814697265625
53 0.09298324584960938
53 0.09012222290039062
53 0.032901763916015625
53 0.0782012939453125
53 0.07700920104980469
53 0.08606910705566406
53 0.07605552673339844
53 0.0820159912109375
53 0.09489059448242188
53 0.08988380432128906
51 0.033855438232421875
51 0.007867813110351562
51 0.030040740966796875
51 0.025987625122070312
51 0.04792213439941406
51 0.04792213439941406
51 0.041961669921875
51 0.04696846008300781
51 0.023126602172851562
51 0.052928924560546875
51 0.03695487976074219
51 0.0059604644775390625
51 0.028848648071289062
51 0.027894973754882812
51 0.048160552978515625
51 0.025987625122070312
51 0.049114227294921875
51 0.01811981201171875
51 0.04696846008300781
51 0.06079673767089844
51 0.051021575927734375
51 0.030040740966796875
51 0.03314018249511719
51 0.025033950805664062
51 0.03910064697265625
51 0.028133392333984375
51 0.026941299438476562
51 0.015974044799804688
51 0.051021575927734375
51 0.0209808349609375
51 0.028848648071289062
51 0.05793571472167969
51 0.0400543212890625
51 0.04315376281738281
51 0.02288818359375
51 0.034809112548828125
51 0.028848648071289062
51 0.05888938903808594
51 0.025033950805664062
51 0.019073486328125
51 0.048160552978515625
51 0.031948089599609375
51 0.03314018249511719
51 0.03314018249511719
51 0.03695487976074219
51 0.019073486328125
51 0.0171661376953125
51 0.051975250244140625
51 0.03409385681152344
51 0.015974044799804688
51 0.04482269287109375
51 0.033855438232421875
51 0.03981590270996094
51 0.0438690185546875
51 0.0069141387939453125
51 0.04601478576660156
51 0.04982948303222656
51 0.016927719116210938
51 0.0171661376953125
51 0.04601478576660156
51 0.030040740966796875
51 0.04792213439941406
51 0.007152557373046875
51 0.0400543212890625
51 0.050067901611328125
51 0.024080276489257812
51 0.05221366882324219
51 0.02002716064453125
51 0.03910064697265625
51 0.025033950805664062
51 0.04792213439941406
51 0.02193450927734375
51 0.030040740966796875
51 0.04792213439941406
51 0.050067901611328125
51 0.04100799560546875
51 0.016927719116210938
51 0.0209808349609375
51 0.0069141387939453125
51 0.028133392333984375
51 0.025033950805664062
51 0.031948089599609375
51 0.04100799560546875
51 0.007152557373046875
51 0.04696846008300781
51 0.04506111145019531
51 0.0171661376953125
51 0.030040740966796875
51 0.029087066650390625
51 0.0059604644775390625
51 0.05602836608886719
51 0.051021575927734375
51 0.02193450927734375
51 0.04887580871582031
51 0.007152557373046875
51 0.026941299438476562
51 0.027894973754882812
51 0.0171661376953125
51 0.041961669921875
50 0.05507469177246094
50 0.026941299438476562
50 0.027894973754882812
49 0.051975250244140625
49 0.017881393432617188
49 0.05984306335449219
49 0.03790855407714844
49 0.049114227294921875
49 0.0171661376953125
49 0.03695487976074219
49 0.03314018249511719
49 0.0069141387939453125
49 0.05698204040527344
49 0.054836273193359375
49 0.02193450927734375
49 0.02193450927734375
49 0.05984306335449219
49 0.021219253540039062
49 0.02288818359375
49 0.0438690185546875
49 0.04506111145019531
48 0.041961669921875
48 0.049114227294921875
48 0.007152557373046875
48 0.026941299438476562
48 0.03814697265625
48 0.015974044799804688
47 0.04696846008300781
47 0.017881393432617188
47 0.017881393432617188
47 0.016927719116210938
47 0.015974044799804688
47 0.032901763916015625
47 0.04100799560546875
47 0.019788742065429688
47 0.015974044799804688
47 0.016927719116210938
47 0.03600120544433594
47 0.025033950805664062
47 0.04291534423828125
47 0.03600120544433594
47 0.04100799560546875
47 0.030040740966796875
47 0.028133392333984375
47 0.030040740966796875
47 0.019073486328125
47 0.025033950805664062
47 0.053882598876953125
47 0.025987625122070312
47 0.03218650817871094
47 0.026941299438476562
47 0.018835067749023438
47 0.03600120544433594
47 0.032901763916015625
47 0.025033950805664062
47 0.019073486328125
47 0.0438690185546875
47 0.051975250244140625
47 0.019073486328125
47 0.007152557373046875
47 0.018835067749023438
46 0.04482269287109375
46 0.032901763916015625
46 0.04506111145019531
46 0.032901763916015625
46 0.015974044799804688
46 0.025033950805664062
46 0.030040740966796875
46 0.0400543212890625
46 0.04601478576660156
46 0.03409385681152344
46 0.007152557373046875
46 0.10395050048828125
46 0.010013580322265625
46 0.03790855407714844
46 0.051975250244140625
46 0.031948089599609375
46 0.03981590270996094
46 0.0209808349609375
46 0.041961669921875
46 0.019073486328125
46 0.007152557373046875
46 0.02288818359375
46 0.03218650817871094
46 0.0209808349609375
46 0.016927719116210938
46 0.016927719116210938
46 0.022172927856445312
46 0.034809112548828125
46 0.015020370483398438
46 0.04696846008300781
46 0.015974044799804688
46 0.0171661376953125
46 0.015020370483398438
46 0.016927719116210938
46 0.0171661376953125
46 0.0209808349609375
46 0.0059604644775390625
46 0.015020370483398438
44 0.023126602172851562
42 0.05507469177246094
39 0.03409385681152344
39 0.03695487976074219
39 0.03504753112792969
39 0.025987625122070312
39 0.015020370483398438
39 0.015974044799804688
39 0.024080276489257812
39 0.02288818359375
39 0.007152557373046875
37 0.029087066650390625
37 0.0400543212890625
37 0.050067901611328125
37 0.027894973754882812
37 0.030994415283203125
37 0.04506111145019531
37 0.015020370483398438
37 0.015974044799804688
37 0.031948089599609375
37 0.030994415283203125
37 0.024080276489257812
37 0.031948089599609375
37 0.030994415283203125
37 0.019073486328125
37 0.02193450927734375
37 0.030994415283203125
37 0.047206878662109375
37 0.02002716064453125
37 0.028848648071289062
37 0.030994415283203125
37 0.019073486328125
37 0.02002716064453125
37 0.03695487976074219
37 0.03814697265625
37 0.0069141387939453125
37 0.025987625122070312
37 0.04696846008300781
37 0.01811981201171875
37 0.02384185791015625
37 0.0209808349609375
37 0.0438690185546875
37 0.04792213439941406
37 0.015020370483398438
37 0.03814697265625
37 0.028848648071289062
37 0.017881393432617188
37 0.01811981201171875
37 0.025033950805664062
37 0.016927719116210938
37 0.01621246337890625
37 0.04100799560546875
37 0.0059604644775390625
37 0.02193450927734375
37 0.026941299438476562
37 0.026941299438476562