145716 352.9210090637207
145702 2.655029296875
145684 0.8800029754638672
145651 2.1882057189941406
145648 3.1960010528564453
145606 1.875162124633789
145583 1.695871353149414
145554 0.9679794311523438
145554 1.5759468078613281
145554 1.753091812133789
145541 0.469207763671875
145532 3.1480789184570312
145532 1.9919872283935547
145482 1.1110305786132812
145473 0.5738735198974609
145471 0.3039836883544922
145471 0.39386749267578125
145471 0.47397613525390625
145420 0.8459091186523438
145420 0.9388923645019531
145420 0.09202957153320312
145409 0.18310546875
145409 1.2869834899902344
145367 0.492095947265625
145367 0.12803077697753906
145333 1.4989376068115234
145297 0.6721019744873047
145265 0.11301040649414062
145261 3.103971481323242
145261 1.2140274047851562
145261 0.5881786346435547
145261 3.39508056640625
145261 1.7659664154052734
145241 1.7418861389160156
145237 2.8030872344970703
145235 1.4989376068115234
145214 0.18405914306640625
145205 0.9701251983642578
145205 2.7959346771240234
145195 1.4071464538574219
145181 1.89208984375
145166 2.022981643676758
145153 3.326892852783203
145142 1.9600391387939453
145142 1.2578964233398438
145142 3.4890174865722656
145142 0.3609657287597656
145137 0.2598762512207031
145131 3.281116485595703
145131 0.26607513427734375
145078 0.4990100860595703
145059 0.5021095275878906
145059 0.5669593811035156
145049 3.423929214477539
145019 1.068115234375
145019 0.6921291351318359
145019 0.3600120544433594
145019 0.782012939453125
145019 1.0738372802734375
145014 1.5819072723388672
145006 2.7849674224853516
144978 2.7239322662353516
144957 3.4160614013671875
144953 1.0030269622802734
144953 3.052949905395508
144943 0.5800724029541016
144943 2.1920204162597656
144920 0.8790493011474609
144920 1.5408992767333984
144920 2.362966537475586
144920 1.653909683227539
144920 2.560853958129883
144919 0.8139610290527344
144919 4.628181457519531
144878 0.22983551025390625
144878 1.519918441772461
144796 1.6491413116455078
144796 3.459930419921875
144796 2.590179443359375
144796 0.1678466796875
144773 1.2559890747070312
144773 1.194000244140625
144749 3.2579898834228516
144715 0.0629425048828125
144691 0.13399124145507812
144658 2.145051956176758
144624 1.0290145874023438
144610 0.7898807525634766
144610 0.48995018005371094
144584 1.4369487762451172
144557 1.8329620361328125
144524 2.1660327911376953
144524 0.44608116149902344
144524 0.7741451263427734
144524 1.1630058288574219
144517 0.7500648498535156
144489 1.9729137420654297
144485 0.8389949798583984
144485 0.051021575927734375
144454 1.600027084350586
144454 1.2581348419189453
144445 3.144979476928711
144370 2.257823944091797
144353 1.3270378112792969
144353 0.7100105285644531
144314 2.2330284118652344
144238 4.2819976806640625
144238 1.1019706726074219
144236 0.35691261291503906
144236 0.7491111755371094
144220 2.5010108947753906
144209 0.8640289306640625
144209 0.3368854522705078
144188 2.888917922973633
144168 3.011941909790039
144110 1.1839866638183594
144110 1.8439292907714844
144110 0.49591064453125
144066 1.6589164733886719
144066 3.365039825439453
144066 3.3309459686279297
144066 0.5421638488769531
144066 0.4029273986816406
144046 0.5958080291748047
144046 0.8530616760253906
144039 1.3761520385742188
144029 0.12302398681640625
144029 1.9631385803222656
144029 3.4821033477783203
144028 0.9059906005859375
144014 1.9459724426269531
143966 2.8181076049804688
143966 1.3151168823242188
143966 0.9129047393798828
143966 0.6060600280761719
143966 0.5328655242919922
143966 0.06985664367675781
143899 1.3148784637451172
143899 0.23698806762695312
143848 2.0699501037597656
143848 0.8230209350585938
143848 1.734018325805664
143832 0.9989738464355469
143832 0.2560615539550781
143832 1.2028217315673828
143832 1.4090538024902344
143832 1.972198486328125
143832 2.371072769165039
143818 0.7941722869873047
143816 2.043008804321289
143805 0.6017684936523438
143795 0.13303756713867188
143795 0.4780292510986328
143792 0.37789344787597656
143792 0.7719993591308594
143792 1.6651153564453125
143737 0.5240440368652344
143737 2.972126007080078
143708 1.0769367218017578
143634 1.2540817260742188
143623 0.44798851013183594
143574 0.8280277252197266
143574 1.6798973083496094
143521 1.1179447174072266
143521 2.4900436401367188
143505 2.5970935821533203
143483 2.518177032470703
143483 2.26593017578125
143458 3.216981887817383
143458 3.0710697174072266
143415 0.3979206085205078
143410 0.7359981536865234
143410 0.1990795135498047
143384 0.3879070281982422
143384 0.74005126953125
143384 1.9199848175048828
143384 0.05698204040527344
143382 2.2590160369873047
143363 0.308990478515625
143363 1.4150142669677734
143342 1.8420219421386719
143342 3.6280155181884766
143336 2.753019332885742
143336 3.345012664794922
143336 0.7548332214355469
143336 1.0411739349365234
143336 0.4200935363769531
143336 1.199960708618164
143326 0.8687973022460938
143304 1.3430118560791016
143304 1.1529922485351562
143282 0.8089542388916016
143257 0.11396408081054688
143257 1.9810199737548828
143257 0.2541542053222656
143257 3.5800933837890625
143219 0.7269382476806641
143219 1.6319751739501953
143213 2.2530555725097656
143191 0.13399124145507812
143191 2.9799938201904297
143191 0.7810592651367188
143158 1.0080337524414062
143147 1.5769004821777344
143147 1.313924789428711
143136 1.9159317016601562
143136 3.526926040649414
143136 0.8640289306640625
143132 0.08511543273925781
143132 0.08392333984375
143132 2.5179386138916016
143132 1.4600753784179688
143127 0.21386146545410156
143127 0.4780292510986328
143127 3.0241012573242188
143118 1.9121170043945312
143101 0.5519390106201172
143085 4.345893859863281
143085 2.2089481353759766
143085 1.8990039825439453
143076 3.183126449584961
143076 1.4870166778564453
143076 3.4208297729492188
143076 2.473115921020508
143023 2.123117446899414
143005 3.968954086303711
143005 2.465963363647461
143005 1.9581317901611328
142985 0.3800392150878906
142985 3.2579898834228516
142985 0.8859634399414062
142985 2.5649070739746094
142985 1.9960403442382812
142967 1.2030601501464844
142967 1.6999244689941406
142967 1.7750263214111328
142967 0.9310245513916016
142929 3.0879974365234375
142929 1.9681453704833984
142906 1.1610984802246094
142862 2.2089481353759766
142845 2.131938934326172
142828 1.8949508666992188
142828 0.26488304138183594
142828 0.6361007690429688
142828 0.052928924560546875
142819 1.5101432800292969
142772 3.506183624267578
142699 2.9480457305908203
142671 0.5528926849365234
142671 1.566171646118164
142667 1.1339187622070312
142664 3.106832504272461
142664 2.880096435546875
142662 0.74005126953125
142624 3.901958465576172
142572 2.0270347595214844
142564 0.21505355834960938
142560 2.513885498046875
142543 1.3060569763183594
142543 1.5218257904052734
142519 1.5978813171386719
142519 0.476837158203125
142519 1.5940666198730469
142511 3.078937530517578
142493 0.22292137145996094
142493 3.6928653717041016
142489 3.253936767578125
142459 3.401041030883789
142459 2.020120620727539
142448 1.8079280853271484
142448 3.213167190551758
142448 0.6990432739257812
142428 3.3981800079345703
142428 3.4911632537841797
142428 0.19598007202148438
142402 2.0990371704101562
142385 1.127004623413086
142385 2.4030208587646484
142385 1.188039779663086
142363 0.8289813995361328
142363 0.15401840209960938
142362 3.237009048461914
142362 1.811981201171875
142360 0.5037784576416016
142360 1.995086669921875
142317 0.6008148193359375
142308 0.49114227294921875
142308 1.21307373046875
142308 1.5621185302734375
142299 0.8900165557861328
142263 0.8981227874755859
142263 0.33593177795410156
142263 1.1000633239746094
142256 1.0828971862792969
142256 1.291036605834961
142256 2.0771026611328125
142256 0.9920597076416016
142239 3.2291412353515625
142239 3.2219886779785156
142239 1.52587890625
142187 0.6999969482421875
142187 0.3170967102050781
142119 0.37288665771484375
142119 0.640869140625
142119 0.14495849609375
142119 0.48804283142089844
142111 1.4450550079345703
142111 1.5778541564941406
142111 0.9300708770751953
142111 0.3108978271484375
142105 2.8319358825683594
142105 0.42510032653808594
142105 2.9058456420898438
142088 0.3230571746826172
142088 1.3060569763183594
142061 0.7009506225585938
142032 0.9968280792236328
141994 0.9109973907470703
141994 1.3840198516845703
141961 2.0599365234375
141961 0.7510185241699219
141952 0.3039836883544922
141907 3.3159255981445312
141894 0.33593177795410156
141894 2.6128292083740234
141888 1.3840198516845703
141888 2.363920211791992
141888 1.6961097717285156
141888 1.2128353118896484
141853 0.9939670562744141
141853 1.4889240264892578
141816 2.2161006927490234
141788 3.175020217895508
141788 1.271963119506836
141788 3.2329559326171875
141788 3.000974655151367
141788 1.7330646514892578
141788 0.6451606750488281
141788 3.1909942626953125
141764 0.8151531219482422
141764 2.2308826446533203
141764 2.5801658630371094
141764 2.7260780334472656
141759 0.28204917907714844
141743 1.2578964233398438
141733 1.1029243469238281
141719 0.9441375732421875
141719 1.9421577453613281
141719 0.2338886260986328
141695 0.13780593872070312
141677 2.7289390563964844
141657 0.514984130859375
141657 2.050161361694336
141649 2.045869827270508
141639 0.6668567657470703
141603 0.36907196044921875
141597 1.239776611328125
141562 1.1169910430908203
141562 1.1401176452636719
141562 2.902984619140625
141562 0.6361007690429688
141562 0.6558895111083984
141562 1.5749931335449219
141534 1.873016357421875
141484 0.7009506225585938
141484 0.1919269561767578
141484 0.09799003601074219
141466 1.9631385803222656
141422 0.18906593322753906
141418 0.8060932159423828
141418 2.077817916870117
141403 0.23603439331054688
141403 2.3429393768310547
141403 1.397848129272461
141403 1.9230842590332031
141403 0.2570152282714844
141387 2.0530223846435547
141387 3.091096878051758
141359 2.646207809448242
141359 1.0190010070800781
141359 0.2410411834716797
141293 3.094196319580078
141293 3.3979415893554688
141293 2.154111862182617
141200 0.8089542388916016
141164 0.9238719940185547
141141 0.37407875061035156
141138 3.300905227661133
141138 0.4220008850097656
141127 0.23818016052246094
141112 3.5851001739501953
141045 2.471923828125
141045 0.47397613525390625
141045 2.5539398193359375
141045 0.8330345153808594
141045 2.4700164794921875
141031 0.12087821960449219
141031 1.2788772583007812
141031 1.2810230255126953
141029 1.1219978332519531
141029 0.7472038269042969
141026 0.45609474182128906
141026 0.15282630920410156
141026 0.5519390106201172
141026 0.9248256683349609
141026 0.5261898040771484
140990 1.8219947814941406
140990 1.8351078033447266
140970 0.9729862213134766
140970 0.34499168395996094
140960 0.17714500427246094
140938 0.4050731658935547
140938 3.0438899993896484
140895 2.042055130004883
140869 0.7069110870361328
140869 2.1669864654541016
140863 1.7821788787841797
140851 3.4699440002441406
140847 2.553224563598633
140847 0.09799003601074219
140847 0.4031658172607422
140828 0.2930164337158203
140827 0.5919933319091797
140792 0.5350112915039062
140777 2.096891403198242
140777 1.7240047454833984
140723 3.223896026611328
140718 0.9829998016357422
140718 1.6758441925048828
140718 0.7951259613037109
140718 2.5670528411865234
140718 1.1310577392578125
140699 0.7801055908203125
140699 3.7589073181152344
140682 2.3310184478759766
140674 3.116130828857422
140672 3.1499862670898438
140672 2.8340816497802734
140672 0.34499168395996094
140672 1.8210411071777344
140656 1.3620853424072266
140614 0.5559921264648438
140614 2.9289722442626953
140614 2.3529529571533203
140614 1.7061233520507812
140596 3.571033477783203
140564 3.996133804321289
140564 0.7760524749755859
140488 1.3279914855957031
140470 0.9710788726806641
140470 2.1970272064208984
140470 3.3969879150390625
140452 0.4951953887939453
140408 2.552032470703125
140403 2.4161338806152344
140392 0.1800060272216797
140360 1.5909671783447266
140343 0.20003318786621094
140343 0.3960132598876953
140343 2.1719932556152344
140302 2.4688243865966797
140301 0.7340908050537109
140301 1.6739368438720703
140286 0.8730888366699219
140286 0.5908012390136719
140284 1.3399124145507812
140265 2.7070045471191406
140265 3.4568309783935547
140245 0.7808208465576172
140213 2.1979808807373047
140213 1.0449886322021484
140194 0.4088878631591797
140194 0.8540153503417969
140194 0.17189979553222656
140194 0.9198188781738281
140194 2.6509761810302734
140194 2.9859542846679688
140185 2.6531219482421875
140185 0.25391578674316406
140185 2.2940635681152344
140176 2.2809505462646484
140176 0.6799697875976562
140174 1.7461776733398438
140154 0.9779930114746094
140114 0.9868144989013672
140111 1.09100341796875
140060 4.394054412841797
140045 0.37598609924316406
140045 0.9031295776367188
140026 1.4600753784179688
140026 4.209041595458984
140026 0.2300739288330078
140015 1.8651485443115234
140015 0.9019374847412109
140008 1.9841194152832031
140008 0.5950927734375
139997 0.9009838104248047
139997 1.3589859008789062
139986 1.2249946594238281
139986 1.4448165893554688
139977 0.6911754608154297
139972 0.2071857452392578
139972 1.2559890747070312
139960 2.588987350463867
139946 1.2469291687011719
139946 0.1220703125
139905 1.2919902801513672
139905 1.6961097717285156
139886 2.3071765899658203
139886 2.209901809692383
139886 1.1970996856689453
139876 1.399993896484375
139876 1.856088638305664
139876 1.2850761413574219
139876 1.0251998901367188
139800 1.3570785522460938
139786 0.13303756713867188
139786 1.7261505126953125
139772 2.8831958770751953
139772 3.492116928100586
139761 0.576019287109375
139749 2.814054489135742
139749 1.4390945434570312
139748 1.0738372802734375
139748 0.7669925689697266
139748 0.08893013000488281
139737 0.5888938903808594
139694 2.351045608520508
139694 2.0208358764648438
139694 1.7120838165283203
139694 0.8990764617919922
139677 1.7571449279785156
139677 2.146005630493164
139677 2.479076385498047
139659 1.4350414276123047
139659 2.249002456665039
139659 0.885009765625
139659 2.123117446899414
139638 1.1639595031738281
139599 1.970052719116211
139582 1.1250972747802734
139582 1.4810562133789062
139582 1.435995101928711
139582 3.3109188079833984
139582 3.551006317138672
139582 0.5261898040771484
139527 0.7729530334472656
139489 0.30684471130371094
139489 0.51116943359375
139489 1.4162063598632812
139489 0.45609474182128906
139489 1.5149116516113281
139485 1.7139911651611328
139485 2.6960372924804688
139477 1.1780261993408203
139458 1.753091812133789
139458 2.9790401458740234
139458 3.3791065216064453
139458 2.580881118774414
139458 2.9289722442626953
139458 0.9179115295410156
139436 0.7100105285644531
139436 0.6699562072753906
139436 0.7531642913818359
139436 1.4851093292236328
139434 1.589059829711914
139411 0.8299350738525391
139404 1.6980171203613281
139382 0.47397613525390625
139378 1.5799999237060547
139376 2.3250579833984375
139367 0.5769729614257812
139332 0.9639263153076172
139332 2.7740001678466797
139315 3.4389495849609375
139296 0.8919239044189453
139296 1.1188983917236328
139296 0.27298927307128906
139296 1.3020038604736328
139296 2.7408599853515625
139296 0.8261203765869141
139296 3.4110546112060547
139296 0.21004676818847656
139296 2.4700164794921875
139296 1.943826675415039
139296 0.4901885986328125
139296 0.2810955047607422
139289 2.566099166870117
139230 0.03504753112792969
139215 2.6090145111083984
139206 0.8499622344970703
139206 2.991914749145508
139197 1.5139579772949219
139180 0.3459453582763672
139162 0.7138252258300781
139162 0.30493736267089844
139151 3.0889511108398438
139151 4.17017936706543
139145 2.804994583129883
139145 0.5469322204589844
139104 2.437114715576172
139095 2.0210742950439453
139060 3.6270618438720703
139060 1.3289451599121094
139007 0.5540847778320312
139007 1.4538764953613281
139007 1.9211769104003906
138990 0.05698204040527344
138990 0.9889602661132812
138984 1.5540122985839844
138984 0.37407875061035156
138984 0.392913818359375
138957 0.4601478576660156
138933 0.2548694610595703
138932 1.2140274047851562
138932 0.34999847412109375
138932 1.4731884002685547
138913 1.9378662109375
138901 2.916097640991211
138898 3.4089088439941406
138898 0.125885009765625
138880 0.3380775451660156
138876 1.4369487762451172
138863 0.19288063049316406
138850 2.9540061950683594
138850 2.977132797241211
138843 2.856016159057617
138804 3.007173538208008
138804 1.6169548034667969
138804 2.5010108947753906
138792 2.5758743286132812
138791 0.7700920104980469
138780 0.9448528289794922
138745 2.7680397033691406
138716 0.6668567657470703
138716 1.1680126190185547
138716 0.43201446533203125
138707 2.0918846130371094
138707 2.4809837341308594
138690 0.8790493011474609
138683 1.2180805206298828
138683 0.04291534423828125
138683 2.137899398803711
138663 0.4889965057373047
138663 1.8191337585449219
138655 0.22983551025390625
138655 2.2339820861816406
138652 1.4209747314453125
138652 0.6918907165527344
138588 0.6310939788818359
138588 0.4429817199707031
138588 1.0249614715576172
138588 1.3990402221679688
138582 0.2808570861816406
138582 3.1571388244628906
138582 2.084016799926758
138535 0.9009838104248047
138505 0.1990795135498047
138467 2.412080764770508
138467 1.3370513916015625
138454 2.2230148315429688
138380 2.3870468139648438
138371 0.8740425109863281
138349 2.8569698333740234
138349 2.2161006927490234
138349 2.9010772705078125
138333 1.4338493347167969
138331 3.1280517578125
138328 0.051975250244140625
138305 1.8808841705322266
138272 1.4140605926513672
138249 0.8230209350585938
138249 2.393960952758789
138249 0.19812583923339844
138249 0.8411407470703125
138249 0.23818016052246094
138194 1.0190010070800781
138182 0.8728504180908203
138137 2.6350021362304688
138135 3.392934799194336
138111 3.5181045532226562
138045 0.36597251892089844
138015 0.7469654083251953
137969 0.1201629638671875
137969 1.4300346374511719
137969 0.7469654083251953
137966 0.7419586181640625
137966 3.962993621826172
137927 0.6699562072753906
137927 0.21910667419433594
137891 2.599954605102539
137891 1.5020370483398438
137864 3.5920143127441406
137834 3.099203109741211
137818 0.15687942504882812
137817 0.9729862213134766
137794 0.12087821960449219
137780 1.3580322265625
137756 2.5599002838134766
137756 0.8068084716796875
137740 3.3121109008789062
137733 3.9520263671875
137733 0.09703636169433594
137722 0.888824462890625
137708 1.2359619140625
137708 1.474142074584961
137684 2.5529861450195312
137684 1.920938491821289
137684 3.1709671020507812
137672 2.465963363647461
137623 1.631021499633789
137586 1.6818046569824219
137586 1.8908977508544922
137586 2.8798580169677734
137586 2.889871597290039
137586 1.6078948974609375
137586 0.09894371032714844
137586 3.0879974365234375
137570 0.030994415283203125
137561 0.15091896057128906
137561 1.4150142669677734
137550 0.19478797912597656
137550 2.1750926971435547
137515 0.7789134979248047
137515 0.6890296936035156
137479 1.889944076538086
137479 1.2459754943847656
137479 1.3070106506347656
137479 1.1188983917236328
137479 1.4739036560058594
137444 0.7600784301757812
137419 2.2029876708984375
137419 3.4291744232177734
137372 0.9310245513916016
137312 1.2080669403076172
137281 3.3419132232666016
137266 0.6299018859863281
137266 1.2590885162353516
137266 1.0030269622802734
137266 1.5270709991455078
137266 1.8491744995117188
137266 2.399921417236328
137259 0.74005126953125
137254 2.5310516357421875
137254 2.434968948364258
137225 0.5881786346435547
137225 0.17690658569335938
137225 0.9729862213134766
137225 5.0201416015625
137203 0.9551048278808594
137203 0.9250640869140625
137203 0.6048679351806641
137182 0.9438991546630859
137182 1.5170574188232422
137182 0.7350444793701172
137182 2.705097198486328
137182 0.9160041809082031
137136 3.1452178955078125
137136 1.4891624450683594
137136 1.107931137084961
137135 2.2559165954589844
137135 2.209901809692383
137135 2.2552013397216797
137135 3.7789344787597656
137131 2.7489662170410156
137130 0.8399486541748047
137130 0.2880096435546875
137120 2.9299259185791016
137106 2.574920654296875
137106 1.3840198516845703
137084 1.875162124633789
137082 1.1899471282958984
137082 2.6497840881347656
137082 0.5481243133544922
137082 0.33783912658691406
137082 0.4169940948486328
137082 0.16307830810546875
137071 1.1219978332519531
137064 0.5159378051757812
137064 1.8389225006103516
137064 0.9260177612304688
137064 1.2309551239013672
137064 0.18095970153808594
137064 1.6989707946777344
137064 1.9311904907226562
137064 1.3527870178222656
137064 1.1110305786132812
137040 1.1219978332519531
137040 4.739999771118164
137014 0.621795654296875
137011 0.7998943328857422
137011 3.2868385314941406
137011 1.8091201782226562
137011 1.2691020965576172
137011 0.09489059448242188
137011 0.8211135864257812
137011 1.1429786682128906
136989 3.9479732513427734
136989 1.5368461608886719
136989 2.4068355560302734
136988 2.0270347595214844
136988 1.5740394592285156
136980 3.1480789184570312
136980 1.6279220581054688
136980 1.5571117401123047
136961 1.5881061553955078
136932 0.5919933319091797
136920 0.7960796356201172
136887 1.7631053924560547
136883 2.241849899291992
136883 2.396821975708008
136876 0.6439685821533203
136876 0.7932186126708984
136876 1.62506103515625
136852 1.6489028930664062
136837 1.8649101257324219
136812 1.1610984802246094
136812 3.4351348876953125
136782 0.09894371032714844
136751 0.8800029754638672
136725 0.7181167602539062
136709 3.5538673400878906
136703 1.6260147094726562
136698 1.4650821685791016
136698 1.0318756103515625
136694 3.3791065216064453
136694 0.3399848937988281
136694 2.042055130004883
136677 0.8230209350585938
136677 3.1299591064453125
136677 3.0829906463623047
136677 0.164031982421875
136666 0.4429817199707031
136657 2.4940967559814453
136657 0.1220703125
136657 1.4331340789794922
136657 1.157999038696289
136657 1.4319419860839844
136616 0.5319118499755859
136600 0.8471012115478516
136600 1.5268325805664062
136600 2.5920867919921875
136599 0.8161067962646484
136599 3.4677982330322266
136576 2.596139907836914
136576 2.9010772705078125
136569 0.9820461273193359
136569 0.6349086761474609
136564 1.5110969543457031
136564 1.3928413391113281
136556 1.7669200897216797
136548 0.25200843811035156
136545 2.928018569946289
136545 0.6911754608154297
136508 1.6210079193115234
136508 2.413034439086914
136508 3.032207489013672
136499 3.445148468017578
136499 1.4541149139404297
136471 3.3609867095947266
136459 3.0069351196289062
136424 1.9221305847167969
136398 1.3360977172851562
136382 2.98309326171875
136380 0.9560585021972656
136364 3.2138824462890625
136285 2.5441646575927734
136285 2.008199691772461
136273 0.7808208465576172
136271 0.8020401000976562
136271 0.3261566162109375
136271 0.6880760192871094
136271 1.2438297271728516
136228 1.5292167663574219
136228 0.05698204040527344
136228 0.17118453979492188
136228 0.20003318786621094
136228 3.442049026489258
136173 0.3039836883544922
136154 1.329183578491211
136154 3.092050552368164
136154 0.5280971527099609
136154 1.6319751739501953
136154 0.7090568542480469
136154 2.398967742919922
136145 2.9151439666748047
136130 1.558065414428711
136130 0.40793418884277344
136130 2.9349327087402344
136069 2.505064010620117
136069 0.5171298980712891
136048 1.1758804321289062
136032 0.4990100860595703
136032 0.49996376037597656
136032 1.1298656463623047
136006 1.5912055969238281
136006 0.17905235290527344
135982 0.7460117340087891
135954 1.3530254364013672
135954 1.4650821685791016
135954 0.0400543212890625
135939 2.6628971099853516
135918 3.618001937866211
135918 2.0208358764648438
135918 0.07700920104980469
135888 0.8599758148193359
135888 1.8839836120605469
135863 0.4780292510986328
135863 3.762960433959961
135863 1.252889633178711
135860 1.9748210906982422
135845 1.5239715576171875
135845 3.092050552368164
135818 1.0640621185302734
135808 2.458810806274414
135787 0.6749629974365234
135763 0.6420612335205078
135733 0.8349418640136719
135648 0.6010532379150391
135636 1.1868476867675781
135617 0.4260540008544922
135617 1.7969608306884766
135601 2.9921531677246094
135601 1.7898082733154297
135601 3.876924514770508
135601 0.05888938903808594
135601 2.2749900817871094
135601 1.4519691467285156
135601 1.928091049194336
135583 0.33783912658691406
135550 3.793001174926758
135542 0.8711814880371094
135542 0.23293495178222656
135520 1.9748210906982422
135520 0.18310546875
135520 1.2772083282470703
135520 1.6109943389892578
135520 0.35691261291503906
135520 2.1028518676757812
135520 2.223968505859375
135520 2.277851104736328
135510 1.750946044921875
135505 1.4729499816894531
135437 0.6701946258544922
135424 1.7688274383544922
135417 3.532886505126953
135417 1.8079280853271484
135417 3.309965133666992
135417 0.5300045013427734
135417 1.4770030975341797
135417 1.0921955108642578
135397 2.438068389892578
135397 1.4848709106445312
135397 3.080129623413086
135397 1.8239021301269531
135363 2.262115478515625
135339 3.3359527587890625
135339 0.49114227294921875
135339 0.9667873382568359
135326 3.3960342407226562
135326 0.7641315460205078
135326 0.7719993591308594
135314 2.001047134399414
135314 0.12087821960449219
135289 0.84686279296875
135249 0.3190040588378906
135240 2.277851104736328
135208 0.21004676818847656
135176 0.3001689910888672
135154 0.2930164337158203
135113 1.8320083618164062
135113 0.3371238708496094
135113 2.941131591796875
135093 2.268075942993164
135074 4.389047622680664
135039 2.899169921875
135023 1.9619464874267578
135019 3.944873809814453
135010 1.4851093292236328
135001 0.6520748138427734
135001 0.7050037384033203
134982 0.8869171142578125
134949 2.696990966796875
134931 1.2450218200683594
134931 2.2192001342773438
134915 1.583099365234375
134885 0.8299350738525391
134885 0.40912628173828125
134885 0.8139610290527344
134885 3.217935562133789
134885 1.9540786743164062
134885 0.4630088806152344
134885 3.4329891204833984
134885 0.408172607421875
134885 3.1747817993164062
134858 1.2469291687011719
134846 1.3871192932128906
134844 1.338958740234375
134844 0.7059574127197266
134844 0.5528926849365234