2017 1.9512176513671875
2017 0.14019012451171875
1967 0.08797645568847656
1933 0.052928924560546875
1924 0.04506111145019531
1913 0.10776519775390625
1909 0.11587142944335938
1894 0.11587142944335938
1894 0.07915496826171875
1891 0.08893013000488281
1882 0.09584426879882812
1868 0.05698204040527344
1868 0.06389617919921875
1847 0.09012222290039062
1842 0.026941299438476562
1804 0.09799003601074219
1804 0.07104873657226562
1804 0.051021575927734375
1797 0.08797645568847656
1785 0.026226043701171875
1785 0.04792213439941406
1785 0.019073486328125
1779 0.04291534423828125
1769 0.1068115234375
1739 0.0209808349609375
1709 0.08893013000488281
1709 0.0820159912109375
1696 0.07700920104980469
1668 0.064849853515625
1668 0.03695487976074219
1660 0.08797645568847656
1660 0.02002716064453125
1658 0.09012222290039062
1658 0.03314018249511719
1636 0.08296966552734375
1636 0.07891654968261719
1636 0.02288818359375
1591 0.028133392333984375
1568 0.0820159912109375
1546 0.021219253540039062
1531 0.030040740966796875
1522 0.07796287536621094
1522 0.09799003601074219
1522 0.07605552673339844
1512 0.03504753112792969
1512 0.051021575927734375
1495 0.08296966552734375
1490 0.04696846008300781
1490 0.030994415283203125
1422 0.023126602172851562
1422 0.07700920104980469
1409 0.07390975952148438
1409 0.06389617919921875
1399 0.07486343383789062
1399 0.024080276489257812
1399 0.08416175842285156
1384 0.06389617919921875
1378 0.06103515625
1364 0.08296966552734375
1358 0.08988380432128906
1357 0.09107589721679688
1357 0.051021575927734375
1357 0.06008148193359375
1332 0.028133392333984375
1332 0.07295608520507812
1332 0.0209808349609375
1332 0.03695487976074219
1332 0.06103515625
1311 0.051975250244140625
1311 0.08296966552734375
1311 0.019073486328125
1311 0.051021575927734375
1311 0.051021575927734375
1311 0.06914138793945312
1311 0.07700920104980469
1311 0.06198883056640625
1297 0.08511543273925781
1292 0.052928924560546875
1284 0.06985664367675781
1284 0.04291534423828125
1284 0.015974044799804688
1284 0.06699562072753906
1284 0.029087066650390625
1284 0.025987625122070312
1284 0.051021575927734375
1284 0.014066696166992188
1284 0.02193450927734375
1281 0.080108642578125
1281 0.05507469177246094
1273 0.09202957153320312
1273 0.032901763916015625
1241 0.08606910705566406
1241 0.04100799560546875
1241 0.052928924560546875
1241 0.02002716064453125
1241 0.024080276489257812
1241 0.05507469177246094
1241 0.041961669921875
1241 0.051021575927734375
1236 0.06103515625
1236 0.04601478576660156
1236 0.04291534423828125
1236 0.04100799560546875
1236 0.06604194641113281
1236 0.06413459777832031
1236 0.06198883056640625
1228 0.0209808349609375
1228 0.05316734313964844
1217 0.04601478576660156
1217 0.06508827209472656
1217 0.03504753112792969
1217 0.054836273193359375
1217 0.06604194641113281
1217 0.07104873657226562
1216 0.05602836608886719
1216 0.015020370483398438
1216 0.04315376281738281
1216 0.05793571472167969
1216 0.05412101745605469
1216 0.05888938903808594
1216 0.018835067749023438
1216 0.07510185241699219
1216 0.0591278076171875
1195 0.06198883056640625
1195 0.08511543273925781
1195 0.017881393432617188
1194 0.03314018249511719
1194 0.07200241088867188
1187 0.052928924560546875
1185 0.06318092346191406
1172 0.07581710815429688
1167 0.04601478576660156
1167 0.033855438232421875
1167 0.0171661376953125
1167 0.030994415283203125
1167 0.07796287536621094
1167 0.03886222839355469
1167 0.015020370483398438
1167 0.03814697265625
1160 0.02002716064453125
1160 0.04887580871582031
1160 0.13780593872070312
1160 0.041961669921875
1160 0.0591278076171875
1160 0.05507469177246094
1160 0.1671314239501953
1160 0.09894371032714844
1160 0.04982948303222656
1159 0.05602836608886719
1158 0.10180473327636719
1136 0.0171661376953125
1136 0.05793571472167969
1136 0.07390975952148438
1136 0.11801719665527344
1136 0.029087066650390625
1121 0.0400543212890625
1121 0.10704994201660156
1115 0.07796287536621094
1115 0.05793571472167969
1106 0.04291534423828125
1106 0.053882598876953125
1106 0.07319450378417969
1100 0.052928924560546875
1100 0.05698204040527344
1100 0.05507469177246094
1100 0.04601478576660156
1098 0.03790855407714844
1098 0.07796287536621094
1098 0.04291534423828125
1084 0.07486343383789062
1070 0.051975250244140625
1070 0.05817413330078125
1067 0.007867813110351562
1064 0.04601478576660156
1064 0.0400543212890625
1064 0.09107589721679688
1064 0.02384185791015625
1064 0.053882598876953125
1064 0.06198883056640625
1064 0.007152557373046875
1064 0.06890296936035156
1055 0.06008148193359375
1055 0.080108642578125
1055 0.07104873657226562
1052 0.0209808349609375
1052 0.0591278076171875
1052 0.05793571472167969
1052 0.04601478576660156
1052 0.026941299438476562
1044 0.024080276489257812
1044 0.04506111145019531
1041 0.007867813110351562
1041 0.09799003601074219
1041 0.04100799560546875
1041 0.08106231689453125
1023 0.05507469177246094
1023 0.09489059448242188
1023 0.05698204040527344
1023 0.10514259338378906
1023 0.0069141387939453125
1012 0.028848648071289062
1012 0.017881393432617188
1000 0.06604194641113281
1000 0.04696846008300781
985 0.06508827209472656
985 0.1201629638671875
985 0.13709068298339844
985 0.10800361633300781
985 0.06699562072753906
985 0.14209747314453125
985 0.19812583923339844
985 0.14495849609375
985 0.08296966552734375
985 0.13208389282226562
985 0.04982948303222656
984 0.102996826171875
984 0.08296966552734375
984 0.07700920104980469
984 0.02384185791015625
981 0.02288818359375
981 0.06079673767089844
981 0.02288818359375
981 0.102996826171875
976 0.080108642578125
976 0.06389617919921875
976 0.053882598876953125
976 0.07581710815429688
963 0.04482269287109375
963 0.041961669921875
963 0.09298324584960938
963 0.016927719116210938
963 0.028133392333984375
953 0.041961669921875
953 0.04100799560546875
953 0.04315376281738281
953 0.06794929504394531
948 0.026941299438476562
948 0.11396408081054688
948 0.11086463928222656
948 0.030994415283203125
931 0.08106231689453125
931 0.06508827209472656
931 0.07891654968261719
931 0.09799003601074219
923 0.04696846008300781
923 0.0209808349609375
922 0.057220458984375
919 0.04291534423828125
907 0.08392333984375
907 0.04100799560546875
907 0.09012222290039062
907 0.06604194641113281
907 0.0400543212890625
907 0.02288818359375
905 0.07486343383789062
905 0.08797645568847656
898 0.07414817810058594
898 0.06794929504394531
898 0.0438690185546875
892 0.07200241088867188
892 0.06794929504394531
892 0.025033950805664062
892 0.024080276489257812
892 0.007867813110351562
873 0.06079673767089844
873 0.08082389831542969
872 0.05888938903808594
866 0.03886222839355469
866 0.08893013000488281
866 0.025987625122070312
866 0.08392333984375
866 0.030994415283203125
861 0.02288818359375
861 0.051021575927734375
861 0.04696846008300781
861 0.051021575927734375
836 0.03504753112792969
836 0.06985664367675781
836 0.06914138793945312
836 0.04696846008300781
836 0.10395050048828125
836 0.0591278076171875
836 0.03600120544433594
836 0.06699562072753906
836 0.0591278076171875
828 0.06103515625
812 0.021219253540039062
812 0.053882598876953125
812 0.028848648071289062
812 0.030994415283203125
806 0.052928924560546875
806 0.05698204040527344
806 0.08893013000488281
799 0.029087066650390625
799 0.02193450927734375
799 0.051975250244140625
799 0.04410743713378906
793 0.06794929504394531
793 0.054836273193359375
793 0.054836273193359375
793 0.027179718017578125
793 0.07390975952148438
787 0.05817413330078125
787 0.09989738464355469
787 0.06890296936035156
787 0.034809112548828125
785 0.03695487976074219
785 0.0209808349609375
785 0.12302398681640625
785 0.3170967102050781
785 0.13017654418945312
785 0.05412101745605469
785 0.09512901306152344
774 0.09417533874511719
774 0.1590251922607422
771 0.05888938903808594
771 0.064849853515625
753 0.08797645568847656
753 0.08702278137207031
753 0.08320808410644531
753 0.06198883056640625
753 0.015974044799804688
744 0.09417533874511719
744 0.09393692016601562
744 0.018835067749023438
744 0.031948089599609375
744 0.06604194641113281
744 0.05412101745605469
744 0.054836273193359375
744 0.05984306335449219
744 0.06580352783203125
743 0.08296966552734375
743 0.03409385681152344
743 0.028848648071289062
743 0.027179718017578125
743 0.06318092346191406
743 0.080108642578125
743 0.025987625122070312
743 0.06318092346191406
743 0.07987022399902344
743 0.028848648071289062
743 0.07796287536621094
743 0.028133392333984375
743 0.07390975952148438
743 0.0400543212890625
742 0.07605552673339844
739 0.051975250244140625
739 0.08893013000488281
739 0.007152557373046875
739 0.02288818359375
739 0.026941299438476562
739 0.08797645568847656
739 0.04696846008300781
739 0.034809112548828125
732 0.05602836608886719
732 0.03981590270996094
732 0.06818771362304688
732 0.08606910705566406
732 0.017881393432617188
732 0.06318092346191406
732 0.10204315185546875
732 0.03314018249511719
732 0.02002716064453125
725 0.09799003601074219
725 0.07796287536621094
725 0.06079673767089844
725 0.030994415283203125
719 0.06008148193359375
719 0.06699562072753906
719 0.041961669921875
719 0.026941299438476562
719 0.05507469177246094
719 0.07200241088867188
719 0.041961669921875
719 0.025033950805664062
719 0.05888938903808594
719 0.03504753112792969
719 0.07700920104980469
719 0.05698204040527344
719 0.052928924560546875
719 0.080108642578125
719 0.02193450927734375
719 0.06413459777832031
719 0.02384185791015625
713 0.07486343383789062
706 0.06222724914550781
700 0.08296966552734375
700 0.07200241088867188
700 0.08082389831542969
700 0.06198883056640625
700 0.04792213439941406
694 0.09584426879882812
694 0.0782012939453125
694 0.06699562072753906
694 0.07510185241699219
694 0.04291534423828125
691 0.06508827209472656
691 0.09393692016601562
691 0.04792213439941406
691 0.04410743713378906
691 0.03886222839355469
691 0.06222724914550781
691 0.08082389831542969
690 0.07987022399902344
690 0.07200241088867188
690 0.054836273193359375
686 0.09179115295410156
686 0.051021575927734375
686 0.019073486328125
686 0.03814697265625
682 0.0209808349609375
679 0.024080276489257812
679 0.04506111145019531
679 0.08702278137207031
674 0.049114227294921875
674 0.02193450927734375
674 0.080108642578125
674 0.017881393432617188
674 0.08296966552734375
674 0.07605552673339844
674 0.09298324584960938
674 0.06699562072753906
674 0.0400543212890625
663 0.025033950805664062
663 0.031948089599609375
663 0.08296966552734375
663 0.0820159912109375
663 0.02193450927734375
663 0.07295608520507812
663 0.06413459777832031
663 0.11491775512695312
663 0.0438690185546875
663 0.050067901611328125
663 0.06008148193359375
663 0.07200241088867188
663 0.04792213439941406
663 0.03695487976074219
663 0.0858306884765625
663 0.019073486328125
663 0.08606910705566406
663 0.05793571472167969
663 0.053882598876953125
663 0.06079673767089844
663 0.06794929504394531
663 0.025987625122070312
663 0.02002716064453125
663 0.06699562072753906
663 0.049114227294921875
659 0.07009506225585938
659 0.08392333984375
659 0.04982948303222656
659 0.04982948303222656
659 0.06914138793945312
657 0.08606910705566406
657 0.050067901611328125
657 0.0059604644775390625
657 0.14519691467285156
651 0.12302398681640625
651 0.09202957153320312
651 0.15997886657714844
650 0.10013580322265625
650 0.054836273193359375
650 0.14090538024902344
646 0.07200241088867188
646 0.06699562072753906
646 0.050067901611328125
639 0.0400543212890625
639 0.07486343383789062
634 0.05698204040527344
634 0.04410743713378906
634 0.02384185791015625
634 0.018835067749023438
634 0.03814697265625
634 0.02002716064453125
634 0.024080276489257812
634 0.06890296936035156
634 0.08988380432128906
634 0.028133392333984375
634 0.07510185241699219
634 0.07700920104980469
631 0.1289844512939453
631 0.09298324584960938
631 0.0400543212890625
631 0.0782012939453125
631 0.11706352233886719
631 0.08511543273925781
631 0.11014938354492188
631 0.02002716064453125
631 0.04410743713378906
631 0.03504753112792969
631 0.04410743713378906
631 0.06198883056640625
631 0.0171661376953125
631 0.06794929504394531
631 0.12302398681640625
631 0.06103515625
631 0.030040740966796875
631 0.06890296936035156
631 0.05602836608886719
631 0.051021575927734375
631 0.06103515625
631 0.0629425048828125
631 0.027179718017578125
631 0.04792213439941406
631 0.032901763916015625
631 0.05698204040527344
628 0.064849853515625
628 0.06794929504394531
628 0.0069141387939453125
628 0.02288818359375
628 0.0782012939453125
625 0.07891654968261719
625 0.07700920104980469
625 0.08392333984375
625 0.03695487976074219
625 0.07200241088867188
625 0.026941299438476562
625 0.052928924560546875
625 0.0438690185546875
625 0.07390975952148438
625 0.05817413330078125
625 0.053882598876953125
625 0.07987022399902344
625 0.019073486328125
625 0.04506111145019531
625 0.06794929504394531
625 0.051021575927734375
625 0.04291534423828125
625 0.025033950805664062
622 0.06318092346191406
622 0.07796287536621094
622 0.015020370483398438
622 0.007152557373046875
622 0.015974044799804688
622 0.08797645568847656
622 0.051021575927734375
622 0.028133392333984375
620 0.08416175842285156
620 0.051021575927734375
620 0.048160552978515625
614 0.06794929504394531
614 0.05412101745605469
614 0.08702278137207031
608 0.11301040649414062
608 0.09679794311523438
608 0.04887580871582031
608 0.10609626770019531
608 0.025987625122070312
608 0.07009506225585938
600 0.19693374633789062
600 0.030994415283203125
600 0.0438690185546875
600 0.07081031799316406
600 0.02288818359375
600 0.07104873657226562
599 0.07414817810058594
599 0.041961669921875
599 0.08106231689453125
575 0.03910064697265625
575 0.019073486328125
575 0.029087066650390625
575 0.05888938903808594
575 0.030994415283203125
575 0.051975250244140625
575 0.017881393432617188
575 0.05078315734863281
575 0.0820159912109375
575 0.054836273193359375
575 0.018835067749023438
575 0.05698204040527344
575 0.02002716064453125
575 0.06389617919921875
575 0.07510185241699219
575 0.04696846008300781
575 0.03814697265625
573 0.03504753112792969
573 0.05698204040527344
573 0.06008148193359375
570 0.030040740966796875
563 0.030040740966796875
562 0.07295608520507812
562 0.0247955322265625
562 0.064849853515625
562 0.08320808410644531
562 0.06699562072753906
559 0.07605552673339844
559 0.06794929504394531
559 0.04696846008300781
559 0.024080276489257812
559 0.041961669921875
559 0.022172927856445312
559 0.05984306335449219
559 0.10085105895996094
559 0.08511543273925781
557 0.031948089599609375
551 0.026941299438476562
551 0.09012222290039062
551 0.024080276489257812
551 0.031948089599609375
548 0.07700920104980469
548 0.025033950805664062
548 0.05507469177246094
548 0.05412101745605469
548 0.0400543212890625
548 0.10395050048828125
548 0.025987625122070312
548 0.026226043701171875
548 0.02384185791015625
548 0.049114227294921875
545 0.06699562072753906
543 0.04601478576660156
543 0.04100799560546875
543 0.07700920104980469
543 0.0400543212890625
543 0.025033950805664062
543 0.05507469177246094
543 0.09989738464355469
538 0.0209808349609375
538 0.015020370483398438
536 0.03886222839355469
536 0.07987022399902344
536 0.08702278137207031
536 0.05602836608886719
536 0.019073486328125
536 0.10204315185546875
536 0.04792213439941406
524 0.03695487976074219
524 0.07104873657226562
524 0.08893013000488281
524 0.019788742065429688
524 0.033855438232421875
524 0.06198883056640625
524 0.07486343383789062
524 0.03910064697265625
524 0.015974044799804688
524 0.024080276489257812
524 0.102996826171875
516 0.07414817810058594
516 0.030994415283203125
516 0.08606910705566406
516 0.028133392333984375
516 0.04792213439941406
516 0.06794929504394531
516 0.0247955322265625
516 0.02193450927734375
516 0.029087066650390625
510 0.0820159912109375
509 0.10395050048828125
509 0.07104873657226562
509 0.04506111145019531
509 0.08296966552734375
504 0.10204315185546875
504 0.03409385681152344
504 0.07390975952148438
504 0.015020370483398438
504 0.04506111145019531
504 0.0069141387939453125
504 0.08797645568847656
503 0.08320808410644531
503 0.03504753112792969
503 0.05698204040527344
501 0.025987625122070312
501 0.04792213439941406
501 0.07009506225585938
501 0.08702278137207031
501 0.03695487976074219
501 0.08797645568847656
501 0.06103515625
501 0.11897087097167969
501 0.08296966552734375
501 0.04100799560546875
501 0.028133392333984375
495 0.05507469177246094
495 0.06794929504394531
495 0.0209808349609375
495 0.09608268737792969
495 0.09489059448242188
495 0.08702278137207031
495 0.05507469177246094
490 0.05817413330078125
490 0.06198883056640625
490 0.030040740966796875
490 0.10418891906738281
490 0.02384185791015625
485 0.019788742065429688
485 0.04100799560546875
485 0.08106231689453125
485 0.027894973754882812
485 0.06508827209472656
482 0.07295608520507812
482 0.016927719116210938
482 0.05602836608886719
482 0.025033950805664062
482 0.06794929504394531
482 0.05793571472167969
480 0.07200241088867188
480 0.05602836608886719
480 0.015020370483398438
480 0.05316734313964844
480 0.07295608520507812
480 0.08511543273925781
480 0.050067901611328125
480 0.06389617919921875
480 0.05602836608886719
480 0.06580352783203125
480 0.051021575927734375
480 0.03600120544433594
480 0.07486343383789062
480 0.04100799560546875
480 0.054836273193359375
480 0.03600120544433594
480 0.05602836608886719
480 0.07104873657226562
480 0.07390975952148438
480 0.06413459777832031
480 0.06508827209472656
480 0.05888938903808594
480 0.09703636169433594
480 0.03314018249511719
480 0.017881393432617188
480 0.06699562072753906
478 0.025033950805664062
478 0.026941299438476562
478 0.0400543212890625
478 0.051975250244140625
478 0.05698204040527344
478 0.03409385681152344
478 0.03504753112792969
478 0.025033950805664062
478 0.15306472778320312
478 0.049114227294921875
473 0.06008148193359375
473 0.053882598876953125
473 0.05412101745605469
473 0.09894371032714844
473 0.07104873657226562
473 0.0209808349609375
473 0.030040740966796875
460 0.03600120544433594
460 0.10180473327636719
460 0.08392333984375
460 0.03910064697265625
460 0.06508827209472656
460 0.0400543212890625
460 0.04792213439941406
460 0.09584426879882812
460 0.07510185241699219
460 0.025033950805664062
460 0.08511543273925781
460 0.06008148193359375
460 0.049114227294921875
460 0.15306472778320312
460 0.17905235290527344
460 0.03409385681152344
460 0.007867813110351562
460 0.030994415283203125
460 0.052928924560546875
460 0.033855438232421875
460 0.04315376281738281
460 0.07700920104980469
460 0.06794929504394531
460 0.10895729064941406
460 0.026941299438476562
460 0.05984306335449219
460 0.08702278137207031
460 0.06198883056640625
460 0.025987625122070312
460 0.08797645568847656
460 0.02384185791015625
460 0.04076957702636719
460 0.02193450927734375
460 0.08511543273925781
460 0.06103515625
460 0.050067901611328125
460 0.04291534423828125
460 0.05507469177246094
460 0.023126602172851562
460 0.08606910705566406
460 0.09989738464355469
460 0.0820159912109375
460 0.07581710815429688
460 0.05698204040527344
460 0.08106231689453125
460 0.024080276489257812
460 0.05888938903808594
460 0.08893013000488281
460 0.1499652862548828
460 0.11706352233886719
460 0.07390975952148438
460 0.031948089599609375
460 0.03600120544433594
460 0.15091896057128906
460 0.03504753112792969
460 0.1590251922607422
460 0.011920928955078125
460 0.07891654968261719
460 0.1289844512939453
459 0.08487701416015625
459 0.010013580322265625
459 0.11420249938964844
459 0.048160552978515625
459 0.11110305786132812
458 0.10585784912109375
458 0.09393692016601562
458 0.07104873657226562
458 0.07390975952148438
458 0.025987625122070312
458 0.04506111145019531
458 0.025987625122070312
458 0.03981590270996094
458 0.031948089599609375
458 0.03790855407714844
458 0.09512901306152344
458 0.07605552673339844
458 0.07104873657226562
457 0.10704994201660156
457 0.10609626770019531
457 0.06604194641113281
457 0.0820159912109375
457 0.03504753112792969
457 0.05602836608886719
454 0.06198883056640625
454 0.0209808349609375
454 0.05698204040527344
454 0.07891654968261719
454 0.028133392333984375
454 0.07891654968261719
454 0.08082389831542969
454 0.03910064697265625
454 0.07510185241699219
454 0.10514259338378906
454 0.09393692016601562
454 0.031948089599609375
454 0.07104873657226562
454 0.06699562072753906
454 0.07700920104980469
454 0.04696846008300781
454 0.06914138793945312
454 0.06508827209472656
454 0.041961669921875
447 0.07414817810058594
443 0.050067901611328125
443 0.04291534423828125
436 0.08916854858398438
436 0.07295608520507812
436 0.09012222290039062
436 0.06794929504394531
436 0.030994415283203125
436 0.03886222839355469
436 0.03409385681152344
436 0.05793571472167969
436 0.06413459777832031
436 0.0209808349609375
435 0.02002716064453125
435 0.06413459777832031
435 0.03910064697265625
435 0.04482269287109375
435 0.03600120544433594
435 0.028848648071289062
435 0.028848648071289062
435 0.051975250244140625
435 0.05507469177246094
435 0.06604194641113281
435 0.06604194641113281
435 0.030040740966796875
435 0.06318092346191406
435 0.06604194641113281
435 0.06604194641113281
435 0.02288818359375
435 0.09012222290039062
435 0.04410743713378906
435 0.07200241088867188
435 0.05602836608886719
435 0.06508827209472656
435 0.09202957153320312
431 0.051021575927734375
431 0.06794929504394531
431 0.06699562072753906
429 0.04887580871582031
427 0.057220458984375
427 0.03600120544433594
427 0.05698204040527344
427 0.028133392333984375
427 0.030040740966796875
427 0.04601478576660156
427 0.06699562072753906
427 0.050067901611328125
427 0.031948089599609375
427 0.025033950805664062
427 0.06103515625
427 0.04410743713378906
427 0.05698204040527344
427 0.09918212890625
427 0.0400543212890625
427 0.10895729064941406
427 0.09298324584960938
427 0.06890296936035156
427 0.026941299438476562
427 0.028133392333984375
427 0.0438690185546875
427 0.05888938903808594
427 0.031948089599609375
427 0.102996826171875
427 0.01621246337890625
427 0.0400543212890625
427 0.04506111145019531
427 0.02193450927734375
427 0.0400543212890625
427 0.11610984802246094
427 0.08392333984375
427 0.07700920104980469
427 0.03910064697265625
427 0.05412101745605469
427 0.08106231689453125
427 0.03814697265625
427 0.09202957153320312
427 0.07104873657226562
427 0.06008148193359375
427 0.06890296936035156
427 0.0209808349609375
427 0.07987022399902344
427 0.05984306335449219
427 0.04291534423828125
427 0.08916854858398438
427 0.051021575927734375
427 0.02002716064453125
427 0.05793571472167969
427 0.06699562072753906
427 0.052928924560546875
427 0.0629425048828125
427 0.0209808349609375
427 0.016927719116210938
427 0.07200241088867188
427 0.034809112548828125
427 0.080108642578125
427 0.0591278076171875
427 0.06890296936035156
427 0.04100799560546875
427 0.053882598876953125
427 0.09512901306152344
427 0.05507469177246094
427 0.09107589721679688
427 0.015020370483398438
427 0.025033950805664062
423 0.0400543212890625
423 0.08296966552734375
423 0.02002716064453125
423 0.10418891906738281
423 0.06699562072753906
423 0.06508827209472656
421 0.05698204040527344
421 0.03910064697265625
421 0.03600120544433594
421 0.028848648071289062
421 0.06413459777832031
421 0.051975250244140625
421 0.06413459777832031
421 0.0400543212890625
417 0.09393692016601562
417 0.0069141387939453125
417 0.08511543273925781
417 0.026941299438476562
417 0.03504753112792969
417 0.050067901611328125
417 0.03695487976074219
417 0.048160552978515625
417 0.030040740966796875
417 0.09703636169433594
417 0.03790855407714844
417 0.041961669921875
417 0.05698204040527344
417 0.04100799560546875
417 0.025033950805664062
417 0.09107589721679688
417 0.09703636169433594
417 0.04601478576660156
417 0.030994415283203125
417 0.019073486328125
417 0.03981590270996094
417 0.06699562072753906
417 0.05698204040527344
417 0.09202957153320312
410 0.050067901611328125
410 0.023126602172851562
405 0.03910064697265625
405 0.028848648071289062
405 0.03790855407714844
405 0.07414817810058594
405 0.0209808349609375
405 0.015020370483398438
405 0.08416175842285156
405 0.09202957153320312
405 0.03409385681152344
405 0.02288818359375
405 0.023126602172851562
405 0.07104873657226562
405 0.08296966552734375
405 0.019073486328125
405 0.015974044799804688
405 0.054836273193359375
405 0.049114227294921875