1044 1.0218620300292969
1044 0.05316734313964844
1019 0.05316734313964844
959 0.07414817810058594
959 0.0069141387939453125
946 0.053882598876953125
937 0.05984306335449219
931 0.026941299438476562
931 0.025987625122070312
929 0.07700920104980469
929 0.03504753112792969
899 0.054836273193359375
899 0.0209808349609375
890 0.05698204040527344
890 0.054836273193359375
863 0.0247955322265625
863 0.053882598876953125
863 0.049114227294921875
863 0.030040740966796875
843 0.03504753112792969
843 0.051975250244140625
843 0.0209808349609375
843 0.034809112548828125
843 0.03981590270996094
843 0.03886222839355469
824 0.022172927856445312
824 0.03695487976074219
813 0.050067901611328125
751 0.0400543212890625
745 0.024080276489257812
745 0.04100799560546875
745 0.03504753112792969
745 0.051975250244140625
743 0.01811981201171875
743 0.0209808349609375
743 0.0400543212890625
743 0.0209808349609375
733 0.025987625122070312
733 0.025033950805664062
733 0.02002716064453125
700 0.02002716064453125
673 0.02193450927734375
673 0.0171661376953125
673 0.05602836608886719
664 0.025987625122070312
664 0.016927719116210938
664 0.0059604644775390625
664 0.016927719116210938
664 0.0171661376953125
660 0.051975250244140625
660 0.03504753112792969
660 0.015020370483398438
660 0.04410743713378906
654 0.05698204040527344
634 0.03814697265625
634 0.033855438232421875
617 0.06699562072753906
592 0.03790855407714844
581 0.027179718017578125
578 0.051975250244140625
578 0.031948089599609375
578 0.05698204040527344
566 0.06103515625
548 0.06008148193359375
548 0.03600120544433594
548 0.05793571472167969
548 0.04506111145019531
548 0.022172927856445312
548 0.03886222839355469
548 0.0059604644775390625
548 0.017881393432617188
548 0.0171661376953125
548 0.015020370483398438
548 0.029087066650390625
541 0.054836273193359375
533 0.019788742065429688
533 0.033855438232421875
527 0.028133392333984375
514 0.017881393432617188
514 0.02193450927734375
512 0.026941299438476562
512 0.013828277587890625
512 0.022172927856445312
512 0.025033950805664062
512 0.03695487976074219
512 0.0059604644775390625
512 0.0457763671875
512 0.03886222839355469
511 0.03218650817871094
510 0.027894973754882812
507 0.050067901611328125
506 0.03504753112792969
506 0.03409385681152344
506 0.025987625122070312
506 0.03218650817871094
506 0.05602836608886719
506 0.0438690185546875
506 0.02384185791015625
506 0.022172927856445312
497 0.032901763916015625
497 0.04220008850097656
497 0.028848648071289062
497 0.03886222839355469
497 0.02002716064453125
497 0.04601478576660156
497 0.048160552978515625
497 0.031948089599609375
497 0.0209808349609375
486 0.03409385681152344
486 0.017881393432617188
486 0.015020370483398438
486 0.031948089599609375
486 0.016927719116210938
486 0.04696846008300781
486 0.04410743713378906
486 0.04410743713378906
486 0.025033950805664062
486 0.024080276489257812
486 0.013828277587890625
486 0.04482269287109375
486 0.030040740966796875
486 0.03504753112792969
486 0.0171661376953125
486 0.03695487976074219
486 0.03504753112792969
482 0.04315376281738281
482 0.033855438232421875
482 0.02384185791015625
482 0.0438690185546875
477 0.031948089599609375
452 0.0438690185546875
452 0.015020370483398438
451 0.029087066650390625
451 0.03910064697265625
451 0.0438690185546875
451 0.04076957702636719
451 0.053882598876953125
451 0.0591278076171875
441 0.04506111145019531
436 0.0438690185546875
436 0.05793571472167969
430 0.06198883056640625
430 0.015974044799804688
430 0.049114227294921875
430 0.052928924560546875
430 0.02384185791015625
428 0.03981590270996094
428 0.030994415283203125
424 0.05984306335449219
423 0.030994415283203125
403 0.029087066650390625
403 0.030994415283203125
403 0.019073486328125
403 0.026941299438476562
403 0.0171661376953125
390 0.04601478576660156
390 0.032901763916015625
389 0.030994415283203125
389 0.02288818359375
388 0.09107589721679688
388 0.07104873657226562
388 0.08416175842285156
388 0.053882598876953125
388 0.015020370483398438
388 0.02002716064453125
388 0.02193450927734375
386 0.023126602172851562
386 0.029087066650390625
386 0.025033950805664062
386 0.025987625122070312
385 0.03600120544433594
384 0.032901763916015625
384 0.031948089599609375
384 0.017881393432617188
384 0.02002716064453125
384 0.029087066650390625
384 0.016927719116210938
384 0.033855438232421875
384 0.03409385681152344
384 0.0069141387939453125
384 0.01811981201171875
382 0.03409385681152344
382 0.03886222839355469
382 0.022172927856445312
379 0.027894973754882812
379 0.02384185791015625
379 0.01811981201171875
379 0.030040740966796875
379 0.024080276489257812
373 0.028848648071289062
373 0.03814697265625
370 0.03695487976074219
370 0.025033950805664062
370 0.026941299438476562
370 0.027894973754882812
368 0.026941299438476562
368 0.030040740966796875
368 0.028133392333984375
368 0.0209808349609375
368 0.017881393432617188
362 0.03600120544433594
362 0.016927719116210938
357 0.03314018249511719
357 0.02288818359375
357 0.033855438232421875
357 0.027179718017578125
357 0.03695487976074219
357 0.03886222839355469
357 0.028133392333984375
357 0.029087066650390625
357 0.03504753112792969
357 0.030994415283203125
357 0.019073486328125
357 0.033855438232421875
357 0.024080276489257812
357 0.025987625122070312
357 0.0059604644775390625
357 0.02288818359375
357 0.023126602172851562
354 0.025987625122070312
354 0.03695487976074219
354 0.015974044799804688
354 0.026941299438476562
354 0.013828277587890625
354 0.026941299438476562
354 0.030040740966796875
354 0.03409385681152344
351 0.030994415283203125
351 0.025033950805664062
351 0.030994415283203125
351 0.022172927856445312
351 0.033855438232421875
349 0.02193450927734375
349 0.030994415283203125
349 0.03218650817871094
349 0.0209808349609375
349 0.023126602172851562
349 0.0209808349609375
349 0.028133392333984375
349 0.029802322387695312
349 0.030994415283203125
349 0.030040740966796875
349 0.017881393432617188
349 0.022172927856445312
341 0.017881393432617188
341 0.022172927856445312
341 0.02384185791015625
329 0.025987625122070312
317 0.04506111145019531
317 0.017881393432617188
317 0.03314018249511719
317 0.029087066650390625
317 0.025987625122070312
317 0.024080276489257812
317 0.0209808349609375
317 0.04100799560546875
304 0.03409385681152344
304 0.031948089599609375
304 0.041961669921875
304 0.07915496826171875
304 0.041961669921875
304 0.025987625122070312
304 0.010967254638671875
304 0.028133392333984375
302 0.03600120544433594
302 0.041961669921875
302 0.025987625122070312
294 0.03695487976074219
294 0.048160552978515625
294 0.07796287536621094
294 0.05984306335449219
294 0.06008148193359375
292 0.06008148193359375
292 0.04887580871582031
292 0.04601478576660156
292 0.041961669921875
289 0.034809112548828125
289 0.015974044799804688
289 0.016927719116210938
289 0.026941299438476562
289 0.028133392333984375
289 0.025987625122070312
289 0.05507469177246094
289 0.03409385681152344
289 0.031948089599609375
283 0.025987625122070312
277 0.03504753112792969
277 0.024080276489257812
277 0.025033950805664062
277 0.027894973754882812
275 0.03218650817871094
275 0.025033950805664062
275 0.031948089599609375
275 0.025987625122070312
275 0.026941299438476562
275 0.029087066650390625
275 0.017881393432617188
272 0.05078315734863281
272 0.028848648071289062
272 0.03218650817871094
272 0.02384185791015625
272 0.0209808349609375
265 0.04792213439941406
265 0.014781951904296875
265 0.04482269287109375
265 0.026941299438476562
263 0.03600120544433594
263 0.02002716064453125
263 0.03409385681152344
263 0.03409385681152344
263 0.02002716064453125
263 0.025033950805664062
262 0.03600120544433594
253 0.03314018249511719
253 0.03600120544433594
247 0.029087066650390625
247 0.034809112548828125
242 0.017881393432617188
242 0.0171661376953125
242 0.030040740966796875
242 0.016927719116210938
241 0.025033950805664062
241 0.02288818359375
241 0.051021575927734375
241 0.02193450927734375
241 0.016927719116210938
241 0.03600120544433594
241 0.0171661376953125
241 0.02193450927734375
241 0.015020370483398438
241 0.03600120544433594
241 0.0247955322265625
241 0.0209808349609375
241 0.051975250244140625
241 0.09012222290039062
241 0.030040740966796875
241 0.04696846008300781
241 0.03910064697265625
241 0.048160552978515625
241 0.024080276489257812
241 0.027894973754882812
241 0.04601478576660156
241 0.03314018249511719
241 0.04696846008300781
241 0.029802322387695312
241 0.030040740966796875
241 0.02193450927734375
241 0.031948089599609375
241 0.029802322387695312
241 0.0247955322265625
241 0.029802322387695312
241 0.028133392333984375
241 0.030994415283203125
241 0.02002716064453125
240 0.030040740966796875
240 0.019073486328125
240 0.0069141387939453125
240 0.023126602172851562
240 0.024080276489257812
240 0.02288818359375
240 0.03600120544433594
240 0.022172927856445312
240 0.026941299438476562
236 0.027179718017578125
236 0.018835067749023438
236 0.02193450927734375
236 0.016927719116210938
236 0.01811981201171875
236 0.030994415283203125
236 0.03504753112792969
236 0.03409385681152344
235 0.04291534423828125
235 0.026941299438476562
235 0.031948089599609375
235 0.025987625122070312
235 0.028848648071289062
235 0.0400543212890625
235 0.025033950805664062
235 0.030040740966796875
235 0.0400543212890625
233 0.0209808349609375
233 0.025033950805664062
233 0.029087066650390625
233 0.025033950805664062
233 0.02193450927734375
233 0.027894973754882812
233 0.024080276489257812
233 0.025033950805664062
233 0.028133392333984375
233 0.02288818359375
233 0.023126602172851562
233 0.015020370483398438
233 0.014066696166992188
233 0.03695487976074219
233 0.025987625122070312
233 0.018835067749023438
233 0.04315376281738281
233 0.0069141387939453125
233 0.041961669921875
233 0.03409385681152344
233 0.0209808349609375
227 0.03695487976074219
227 0.0059604644775390625
222 0.04482269287109375
222 0.02002716064453125
222 0.0209808349609375
222 0.014066696166992188
218 0.025987625122070312
218 0.03600120544433594
218 0.03814697265625
216 0.052928924560546875
216 0.028133392333984375
213 0.032901763916015625
213 0.053882598876953125
213 0.03409385681152344
213 0.017881393432617188
213 0.015020370483398438
213 0.04482269287109375
213 0.015974044799804688
213 0.05888938903808594
213 0.031948089599609375
213 0.03886222839355469
213 0.04792213439941406
213 0.0209808349609375
213 0.01811981201171875
213 0.0209808349609375
213 0.051975250244140625
213 0.05793571472167969
213 0.025987625122070312
206 0.025033950805664062
206 0.022172927856445312
199 0.03790855407714844
199 0.03719329833984375
199 0.015020370483398438
199 0.04506111145019531
199 0.041961669921875
199 0.05698204040527344
199 0.025033950805664062
199 0.050067901611328125
197 0.04410743713378906
196 0.025033950805664062
196 0.024080276489257812
196 0.026941299438476562
196 0.027894973754882812
196 0.03314018249511719
196 0.0059604644775390625
196 0.02193450927734375
196 0.02002716064453125
196 0.03218650817871094
196 0.03695487976074219
196 0.030040740966796875
196 0.041961669921875
196 0.022172927856445312
194 0.033855438232421875
194 0.033855438232421875
194 0.025033950805664062
194 0.03504753112792969
194 0.02002716064453125
194 0.04100799560546875
194 0.04100799560546875
194 0.03409385681152344
194 0.025987625122070312
194 0.0400543212890625
194 0.03314018249511719
194 0.05793571472167969
194 0.04220008850097656
194 0.027894973754882812
194 0.0059604644775390625
194 0.030994415283203125
194 0.04887580871582031
194 0.024080276489257812
194 0.03409385681152344
194 0.02002716064453125
194 0.03910064697265625
194 0.0400543212890625
194 0.04601478576660156
194 0.015020370483398438
194 0.015020370483398438
194 0.05507469177246094
194 0.03409385681152344
194 0.03695487976074219
194 0.022172927856445312
194 0.016927719116210938
194 0.0400543212890625
194 0.03790855407714844
194 0.03790855407714844
194 0.0209808349609375
194 0.014066696166992188
194 0.05602836608886719
192 0.03886222839355469
192 0.027179718017578125
192 0.015020370483398438
192 0.014066696166992188
192 0.02002716064453125
192 0.026941299438476562
192 0.030994415283203125
192 0.016927719116210938
192 0.0059604644775390625
192 0.014066696166992188
192 0.014066696166992188
192 0.03886222839355469
192 0.0171661376953125
192 0.030994415283203125
192 0.032901763916015625
192 0.029087066650390625
192 0.016927719116210938
192 0.029802322387695312
192 0.053882598876953125
192 0.0059604644775390625
192 0.03910064697265625
192 0.02002716064453125
191 0.041961669921875
191 0.03886222839355469
191 0.03314018249511719
191 0.025987625122070312
191 0.030040740966796875
191 0.031948089599609375
191 0.03695487976074219
191 0.02002716064453125
191 0.025987625122070312
191 0.023126602172851562
191 0.03790855407714844
191 0.022172927856445312
191 0.05793571472167969
191 0.03695487976074219
191 0.015020370483398438
191 0.03695487976074219
191 0.04792213439941406
191 0.04100799560546875
182 0.02002716064453125
182 0.0400543212890625
182 0.03600120544433594
182 0.023126602172851562
182 0.026941299438476562
182 0.050067901611328125
182 0.03695487976074219
182 0.05602836608886719
182 0.01811981201171875
182 0.049114227294921875
182 0.053882598876953125
181 0.03504753112792969
181 0.022172927856445312
181 0.032901763916015625
181 0.02002716064453125
181 0.028133392333984375
181 0.05793571472167969
181 0.030040740966796875
181 0.04696846008300781
181 0.03886222839355469
181 0.01811981201171875
181 0.025987625122070312
181 0.031948089599609375
181 0.006198883056640625
173 0.04482269287109375
173 0.05412101745605469
173 0.025033950805664062
173 0.051975250244140625
173 0.04982948303222656
173 0.03409385681152344
173 0.030040740966796875
173 0.0400543212890625
173 0.025987625122070312
173 0.028133392333984375
173 0.016927719116210938
173 0.051021575927734375
173 0.024080276489257812
173 0.027894973754882812
173 0.03600120544433594
173 0.032901763916015625
173 0.019073486328125
173 0.03314018249511719
173 0.03790855407714844
173 0.05412101745605469
173 0.015020370483398438
173 0.014066696166992188
173 0.027894973754882812
173 0.04410743713378906
173 0.05698204040527344
172 0.03814697265625
171 0.030994415283203125
171 0.031948089599609375
171 0.03886222839355469
171 0.01811981201171875
171 0.025033950805664062
171 0.030040740966796875
171 0.0438690185546875
171 0.0438690185546875
171 0.03314018249511719
171 0.050067901611328125
171 0.0209808349609375
171 0.04506111145019531
171 0.04482269287109375
171 0.03695487976074219
171 0.04887580871582031
171 0.017881393432617188
171 0.0059604644775390625
171 0.0171661376953125
171 0.05602836608886719
171 0.018835067749023438
170 0.0209808349609375
170 0.04291534423828125
170 0.015020370483398438
170 0.0400543212890625
170 0.03600120544433594
170 0.024080276489257812
170 0.02288818359375
170 0.033855438232421875
170 0.025033950805664062
170 0.05316734313964844
167 0.026941299438476562
165 0.01811981201171875
165 0.051975250244140625
165 0.04506111145019531
165 0.0059604644775390625
165 0.06198883056640625
165 0.052928924560546875
165 0.04220008850097656
163 0.031948089599609375
163 0.023126602172851562
163 0.017881393432617188
163 0.03218650817871094
163 0.051975250244140625
163 0.05793571472167969
163 0.015020370483398438
163 0.014066696166992188
163 0.0209808349609375
161 0.02002716064453125
161 0.015020370483398438
161 0.03600120544433594
161 0.014066696166992188
161 0.03695487976074219
161 0.05412101745605469
161 0.051975250244140625
161 0.049114227294921875
161 0.030040740966796875
161 0.049114227294921875
161 0.033855438232421875
143 0.0457763671875
143 0.053882598876953125
143 0.04100799560546875
143 0.03910064697265625
143 0.023126602172851562
143 0.015020370483398438
143 0.02288818359375
143 0.03814697265625
143 0.027894973754882812
142 0.05316734313964844
142 0.017881393432617188
141 0.049114227294921875
141 0.05793571472167969
141 0.04887580871582031
141 0.01811981201171875
141 0.03790855407714844
141 0.03600120544433594
141 0.050067901611328125
141 0.04506111145019531
141 0.0059604644775390625
141 0.030040740966796875
141 0.02002716064453125
141 0.015020370483398438
141 0.051021575927734375
141 0.06699562072753906
141 0.08392333984375
141 0.05507469177246094
141 0.07295608520507812
141 0.03695487976074219
141 0.06794929504394531
141 0.01811981201171875
141 0.016927719116210938
141 0.04506111145019531
141 0.028133392333984375
141 0.07510185241699219
139 0.04982948303222656
139 0.07390975952148438
139 0.05412101745605469
139 0.07796287536621094
139 0.030040740966796875
139 0.02288818359375
139 0.07605552673339844
136 0.03910064697265625
136 0.030040740966796875
136 0.030040740966796875
136 0.023126602172851562
136 0.031948089599609375
130 0.07915496826171875
130 0.03504753112792969
130 0.026941299438476562
130 0.0171661376953125
130 0.06103515625
130 0.027894973754882812
130 0.01811981201171875
130 0.03409385681152344
130 0.04887580871582031
130 0.07486343383789062
130 0.05507469177246094
130 0.05602836608886719
130 0.03504753112792969
130 0.07700920104980469
130 0.025033950805664062
130 0.0591278076171875
130 0.01811981201171875
130 0.08106231689453125
130 0.025033950805664062
130 0.027894973754882812
130 0.06413459777832031
130 0.07700920104980469
130 0.04100799560546875
130 0.05698204040527344
130 0.041961669921875
130 0.08606910705566406
130 0.025033950805664062
130 0.07200241088867188
130 0.025033950805664062
130 0.03409385681152344
130 0.03409385681152344
130 0.07390975952148438
130 0.032901763916015625
130 0.051975250244140625
130 0.052928924560546875
130 0.04291534423828125
130 0.049114227294921875
128 0.04601478576660156
128 0.01811981201171875
128 0.029087066650390625
128 0.06604194641113281
128 0.051975250244140625
128 0.05698204040527344
128 0.02193450927734375
128 0.04792213439941406
128 0.07081031799316406
128 0.07677078247070312
128 0.04982948303222656
128 0.02384185791015625
128 0.03600120544433594
128 0.12493133544921875
128 0.025987625122070312
128 0.05888938903808594
128 0.07486343383789062
128 0.06103515625
128 0.0400543212890625
128 0.019073486328125
128 0.026941299438476562
128 0.030994415283203125
128 0.04982948303222656
128 0.07009506225585938
128 0.0209808349609375
128 0.05507469177246094
128 0.027179718017578125
128 0.033855438232421875
128 0.016927719116210938
128 0.049114227294921875
128 0.02384185791015625
128 0.030994415283203125
128 0.016927719116210938
127 0.03600120544433594
127 0.03981590270996094
127 0.03504753112792969
127 0.03600120544433594
127 0.030994415283203125
127 0.052928924560546875
127 0.0059604644775390625
127 0.053882598876953125
127 0.04506111145019531
127 0.07104873657226562
127 0.05793571472167969
127 0.033855438232421875
127 0.06318092346191406
127 0.0820159912109375
127 0.016927719116210938
127 0.04982948303222656
127 0.04696846008300781
127 0.031948089599609375
127 0.030040740966796875
127 0.049114227294921875
127 0.03790855407714844
127 0.07009506225585938
127 0.03814697265625
127 0.04696846008300781
127 0.03695487976074219
127 0.04315376281738281
127 0.030994415283203125
127 0.04506111145019531
127 0.04100799560546875
127 0.07104873657226562
127 0.0400543212890625
127 0.03409385681152344
127 0.025987625122070312
127 0.016927719116210938
127 0.006198883056640625
127 0.08416175842285156
127 0.05698204040527344
127 0.07009506225585938
127 0.025987625122070312
127 0.025987625122070312
127 0.05793571472167969
127 0.064849853515625
127 0.05412101745605469
127 0.05698204040527344
127 0.11086463928222656
127 0.09703636169433594
127 0.13899803161621094
127 0.07081031799316406
127 0.02384185791015625
127 0.023126602172851562
127 0.03790855407714844
127 0.025987625122070312
127 0.015020370483398438
127 0.030040740966796875
126 0.05888938903808594
126 0.06985664367675781
126 0.041961669921875
126 0.06389617919921875
126 0.0209808349609375
126 0.0400543212890625
126 0.049114227294921875
126 0.05316734313964844
126 0.02384185791015625
126 0.04792213439941406
126 0.06413459777832031
126 0.033855438232421875
126 0.03409385681152344
126 0.04100799560546875
126 0.03409385681152344
126 0.0629425048828125
126 0.054836273193359375
126 0.01811981201171875
126 0.017881393432617188
126 0.07104873657226562
126 0.06103515625
126 0.022172927856445312
126 0.0400543212890625
126 0.016927719116210938
126 0.01811981201171875
126 0.0438690185546875
126 0.0059604644775390625
126 0.0629425048828125
126 0.030040740966796875
126 0.022172927856445312
126 0.032901763916015625
126 0.05316734313964844
126 0.03314018249511719
125 0.06198883056640625
125 0.04100799560546875
123 0.051975250244140625
123 0.03910064697265625
123 0.024080276489257812
123 0.030994415283203125
123 0.03886222839355469
123 0.04982948303222656
123 0.027894973754882812
123 0.041961669921875
123 0.03719329833984375
123 0.03790855407714844
121 0.052928924560546875
121 0.04291534423828125
121 0.041961669921875
121 0.03814697265625
121 0.016927719116210938
121 0.02002716064453125
121 0.015974044799804688
121 0.019073486328125
121 0.01621246337890625
121 0.02002716064453125
121 0.02193450927734375
121 0.031948089599609375
121 0.03314018249511719
121 0.019073486328125
121 0.02002716064453125
121 0.03695487976074219
121 0.03600120544433594
121 0.03695487976074219
121 0.02288818359375
121 0.04100799560546875
121 0.015974044799804688
121 0.048160552978515625
119 0.031948089599609375
119 0.03504753112792969
119 0.01811981201171875
119 0.0400543212890625
118 0.026941299438476562
118 0.025033950805664062
117 0.03814697265625
117 0.04100799560546875
117 0.02002716064453125
117 0.025987625122070312
117 0.048160552978515625
117 0.018835067749023438
117 0.030994415283203125
117 0.030994415283203125
117 0.02002716064453125
117 0.02193450927734375
117 0.051021575927734375
117 0.04506111145019531
117 0.03504753112792969
117 0.031948089599609375
117 0.03886222839355469
117 0.028133392333984375
117 0.03600120544433594
117 0.03910064697265625
117 0.07390975952148438
117 0.0400543212890625
117 0.027179718017578125
117 0.017881393432617188
117 0.03814697265625
117 0.0438690185546875
117 0.09298324584960938
117 0.04506111145019531
117 0.13017654418945312
117 0.01811981201171875
117 0.041961669921875
117 0.03504753112792969
117 0.04506111145019531
117 0.023126602172851562
117 0.0069141387939453125
117 0.04315376281738281
116 0.031948089599609375
116 0.026941299438476562
116 0.03695487976074219
116 0.04410743713378906
116 0.04482269287109375
116 0.030994415283203125
116 0.06198883056640625
116 0.03790855407714844
116 0.02193450927734375
116 0.025033950805664062
116 0.024080276489257812
116 0.025987625122070312
116 0.052928924560546875
116 0.04696846008300781
116 0.028133392333984375
116 0.02002716064453125
116 0.0438690185546875
116 0.02002716064453125
116 0.04482269287109375
116 0.028848648071289062
116 0.051975250244140625
116 0.022172927856445312
116 0.025033950805664062
116 0.04291534423828125
116 0.028133392333984375
116 0.016927719116210938
116 0.03218650817871094
116 0.032901763916015625
116 0.04506111145019531
116 0.0209808349609375
116 0.050067901611328125
116 0.04506111145019531
116 0.030994415283203125
116 0.031948089599609375
116 0.05316734313964844
114 0.04696846008300781
114 0.0209808349609375
114 0.016927719116210938
114 0.04696846008300781
114 0.007152557373046875
114 0.06103515625
114 0.02002716064453125
114 0.04696846008300781
113 0.03504753112792969
113 0.03600120544433594
113 0.041961669921875
113 0.0209808349609375
113 0.052928924560546875
113 0.052928924560546875
113 0.033855438232421875
113 0.06508827209472656
113 0.10704994201660156
113 0.04696846008300781
113 0.04315376281738281
113 0.03314018249511719
113 0.025987625122070312
113 0.052928924560546875
113 0.025987625122070312
113 0.04291534423828125
113 0.02002716064453125
113 0.02193450927734375
113 0.04315376281738281
113 0.04315376281738281
113 0.0209808349609375
113 0.06794929504394531
113 0.016927719116210938
113 0.023126602172851562
113 0.07796287536621094
113 0.03886222839355469
113 0.029802322387695312
113 0.03504753112792969
113 0.03600120544433594
113 0.008106231689453125
113 0.052928924560546875
113 0.034809112548828125
113 0.041961669921875
113 0.03504753112792969
113 0.024080276489257812
113 0.025987625122070312
113 0.029087066650390625
113 0.051021575927734375
113 0.03886222839355469
113 0.025033950805664062
113 0.031948089599609375
113 0.016927719116210938
113 0.030040740966796875