37004 40.1301383972168
37000 0.1239776611328125
36988 0.3209114074707031
36988 0.6399154663085938
36981 0.3981590270996094
36957 0.3941059112548828
36925 0.5228519439697266
36852 0.6270408630371094
36852 0.4069805145263672
36852 0.17905235290527344
36823 0.8020401000976562
36789 0.4069805145263672
36789 0.41484832763671875
36766 0.6079673767089844
36762 0.4639625549316406
36753 0.32711029052734375
36737 0.3268718719482422
36704 0.2789497375488281
36657 0.40721893310546875
36655 0.041961669921875
36655 0.02193450927734375
36655 0.4329681396484375
36655 0.4100799560546875
36629 0.30303001403808594
36595 0.5321502685546875
36565 0.6098747253417969
36559 0.32401084899902344
36558 0.4169940948486328
36554 0.05507469177246094
36554 0.025033950805664062
36554 0.14901161193847656
36527 0.04506111145019531
36470 0.21600723266601562
36456 0.6699562072753906
36438 0.2779960632324219
36432 0.1761913299560547
36432 0.453948974609375
36390 0.28204917907714844
36383 0.14019012451171875
36365 0.5309581756591797
36316 0.6308555603027344
36283 0.11515617370605469
36267 0.15807151794433594
36241 0.5960464477539062
36241 0.26798248291015625
36241 0.06103515625
36241 0.26798248291015625
36186 0.49805641174316406
36185 0.5128383636474609
36185 0.16498565673828125
36185 0.11396408081054688
36183 0.3428459167480469
36183 0.15091896057128906
36145 0.10180473327636719
36088 0.15091896057128906
36088 0.24390220642089844
36088 0.2579689025878906
36069 0.3249645233154297
36069 0.4119873046875
36069 0.6060600280761719
36069 0.06699562072753906
36069 0.1380443572998047
36069 0.05698204040527344
36069 0.33211708068847656
36069 0.29206275939941406
36051 0.10204315185546875
36051 0.3018379211425781
36051 0.1850128173828125
36040 0.11706352233886719
36040 0.3361701965332031
36016 0.2791881561279297
36016 0.48804283142089844
36002 0.5440711975097656
35997 0.09298324584960938
35970 0.38504600524902344
35970 0.20003318786621094
35948 0.04696846008300781
35948 0.5500316619873047
35948 0.32401084899902344
35948 0.1430511474609375
35861 0.43010711669921875
35861 0.6849765777587891
35844 0.14519691467285156
35842 0.09918212890625
35842 0.3249645233154297
35800 0.2639293670654297
35780 0.20194053649902344
35780 0.06818771362304688
35780 0.04601478576660156
35752 0.04410743713378906
35731 0.07700920104980469
35731 0.2028942108154297
35731 0.5059242248535156
35721 0.06508827209472656
35721 0.2810955047607422
35721 0.35691261291503906
35721 0.07700920104980469
35717 0.2589225769042969
35717 0.28896331787109375
35648 0.4131793975830078
35614 0.0820159912109375
35597 0.1690387725830078
35594 0.1690387725830078
35594 0.598907470703125
35594 0.34308433532714844
35526 0.5280971527099609
35522 0.3972053527832031
35468 0.4410743713378906
35468 0.09799003601074219
35468 0.16689300537109375
35433 0.1010894775390625
35427 0.5810260772705078
35358 0.12087821960449219
35327 0.2357959747314453
35315 0.49591064453125
35310 0.17905235290527344
35308 0.07605552673339844
35280 0.20813941955566406
35273 0.2930164337158203
35273 0.13709068298339844
35273 0.2961158752441406
35273 0.3230571746826172
35273 0.49805641174316406
35268 0.0820159912109375
35268 0.22602081298828125
35268 0.5221366882324219
35268 0.3750324249267578
35254 0.2689361572265625
35239 0.5960464477539062
35181 0.064849853515625
35154 0.13494491577148438
35149 0.1850128173828125
35149 0.1919269561767578
35136 0.45800209045410156
35136 0.23102760314941406
35129 0.41294097900390625
35129 0.14901161193847656
35126 0.4329681396484375
35126 0.3848075866699219
35118 0.3490447998046875
35118 0.6809234619140625
35118 0.33783912658691406
35118 0.12493133544921875
35118 0.2560615539550781
35118 0.2579689025878906
35118 0.2048015594482422
35118 0.370025634765625
35118 0.33020973205566406
35108 0.21600723266601562
35108 0.537872314453125
35103 0.29206275939941406
35093 0.5609989166259766
35093 0.5459785461425781
35092 0.31185150146484375
35092 0.11801719665527344
35092 0.27298927307128906
35086 0.15091896057128906
35074 0.14281272888183594
35034 0.347137451171875
35031 0.20194053649902344
35005 0.25391578674316406
34987 0.5159378051757812
34986 0.263214111328125
34982 0.29206275939941406
34951 0.5221366882324219
34908 0.20503997802734375
34888 0.2739429473876953
34847 0.28705596923828125
34809 0.392913818359375
34787 0.06818771362304688
34782 0.22101402282714844
34779 0.04506111145019531
34779 0.2570152282714844
34779 0.2028942108154297
34779 0.3190040588378906
34779 0.10609626770019531
34779 0.10895729064941406
34771 0.1518726348876953
34771 0.1518726348876953
34733 0.18596649169921875
34698 0.08797645568847656
34698 0.102996826171875
34690 0.22292137145996094
34690 0.29206275939941406
34673 0.2238750457763672
34668 0.4329681396484375
34668 0.07700920104980469
34668 0.1518726348876953
34655 0.28395652770996094
34641 0.1919269561767578
34641 0.370025634765625
34641 0.47898292541503906
34640 0.16188621520996094
34638 0.6749629974365234
34638 0.4978179931640625
34638 0.49805641174316406
34628 0.4210472106933594
34628 0.2460479736328125
34608 0.06890296936035156
34604 0.2799034118652344
34604 0.1609325408935547
34588 0.3387928009033203
34559 0.09608268737792969
34543 0.2529621124267578
34543 0.07104873657226562
34506 0.4799365997314453
34506 0.3440380096435547
34469 0.640869140625
34469 0.02002716064453125
34453 0.2789497375488281
34453 0.5099773406982422
34453 0.21314620971679688
34453 0.39505958557128906
34453 0.17213821411132812
34448 0.30612945556640625
34426 0.16617774963378906
34414 0.26988983154296875
34387 0.3650188446044922
34350 0.21409988403320312
34335 0.06699562072753906
34328 0.19598007202148438
34328 0.35500526428222656
34328 0.13589859008789062
34328 0.3261566162109375
34323 0.14901161193847656
34303 0.44989585876464844
34303 0.33283233642578125
34303 0.34809112548828125
34269 0.42891502380371094
34269 0.1289844512939453
34269 0.14400482177734375
34269 0.3349781036376953
34253 0.40912628173828125
34227 0.2391338348388672
34227 0.3921985626220703
34197 0.0457763671875
34197 0.09489059448242188
34115 0.19502639770507812
34115 0.19621849060058594
34115 0.11396408081054688
34115 0.21195411682128906
34064 0.3490447998046875
34058 0.15401840209960938
34050 0.4260540008544922
34010 0.225067138671875
33983 0.4711151123046875
33983 0.6160736083984375
33950 0.1800060272216797
33914 0.2491474151611328
33884 0.20194053649902344
33884 0.3409385681152344
33884 0.286102294921875
33878 0.06008148193359375
33878 0.3237724304199219
33878 0.08296966552734375
33861 0.45490264892578125
33852 0.17023086547851562
33829 0.0629425048828125
33818 0.1919269561767578
33810 0.5648136138916016
33786 0.2448558807373047
33726 0.3859996795654297
33726 0.08296966552734375
33726 0.14019012451171875
33714 0.1361370086669922
33701 0.32591819763183594
33701 0.6358623504638672
33685 0.3788471221923828
33679 0.4210472106933594
33679 0.370025634765625
33679 0.5190372467041016
33679 0.080108642578125
33679 0.164031982421875
33670 0.4000663757324219
33670 0.7128715515136719
33670 0.2949237823486328
33617 0.5590915679931641
33588 0.762939453125
33588 0.3399848937988281
33585 0.21409988403320312
33585 0.2989768981933594
33578 0.6568431854248047
33578 0.0820159912109375
33568 0.6780624389648438
33568 0.03814697265625
33568 0.1239776611328125
33552 0.1919269561767578
33545 0.331878662109375
33545 0.4050731658935547
33545 0.2200603485107422
33539 0.6420612335205078
33510 0.3941059112548828
33508 0.2689361572265625
33508 0.4119873046875
33486 0.6420612335205078
33486 0.20599365234375
33479 0.34689903259277344
33479 0.4639625549316406
33444 0.4050731658935547
33444 0.10585784912109375
33444 0.3230571746826172
33444 0.5631446838378906
33444 0.3120899200439453
33425 0.37407875061035156
33425 0.1728534698486328
33425 0.3190040588378906
33420 0.701904296875
33410 0.4019737243652344
33410 0.3559589385986328
33410 0.4470348358154297
33390 0.1609325408935547
33390 0.21505355834960938
33344 0.3750324249267578
33344 0.1480579376220703
33324 0.5381107330322266
33324 0.14019012451171875
33283 0.1659393310546875
33273 0.4291534423828125
33207 0.16617774963378906
33207 0.03790855407714844
33207 0.4649162292480469
33207 0.05412101745605469
33202 0.30994415283203125
33202 0.2110004425048828
33147 0.13399124145507812
33147 0.030994415283203125
33093 0.19121170043945312
33083 0.16689300537109375
33083 0.6170272827148438
33057 0.07915496826171875
33050 0.12302398681640625
33026 0.04792213439941406
33010 0.08106231689453125
33010 0.12612342834472656
33010 0.4210472106933594
33010 0.1709461212158203
33010 0.5581378936767578
33010 0.49996376037597656
32938 0.32591819763183594
32938 0.30994415283203125
32928 0.2639293670654297
32887 0.39505958557128906
32887 0.4839897155761719
32887 0.03695487976074219
32868 0.4749298095703125
32808 0.8280277252197266
32796 0.35500526428222656
32791 0.3781318664550781
32791 0.8711814880371094
32791 0.3838539123535156
32791 0.07104873657226562
32791 0.14209747314453125
32740 0.14710426330566406
32732 0.29397010803222656
32727 0.1850128173828125
32705 0.5819797515869141
32705 0.32401084899902344
32705 0.102996826171875
32705 0.12493133544921875
32666 0.2338886260986328
32666 0.22983551025390625
32666 0.5660057067871094
32643 0.2720355987548828
32637 0.6940364837646484
32619 0.3688335418701172
32579 0.5981922149658203
32579 0.16999244689941406
32579 0.3159046173095703
32554 0.5538463592529297
32535 0.164031982421875
32532 0.2849102020263672
32522 0.19598007202148438
32487 0.3421306610107422
32487 0.42819976806640625
32487 0.34809112548828125
32487 0.13113021850585938
32487 0.4100799560546875
32487 0.14901161193847656
32487 0.49614906311035156
32463 1.0471343994140625
32463 0.5857944488525391
32447 0.13494491577148438
32429 0.3190040588378906
32429 0.5629062652587891
32429 0.2899169921875
32426 0.5600452423095703
32412 0.08606910705566406
32399 0.5359649658203125
32363 0.041961669921875
32360 0.43392181396484375
32357 0.29206275939941406
32357 0.17118453979492188
32330 0.4119873046875
32319 0.43582916259765625
32319 0.36907196044921875
32319 0.19812583923339844
32319 0.10395050048828125
32308 0.5919933319091797
32308 0.3719329833984375
32308 0.05507469177246094
32308 0.05984306335449219
32308 0.18787384033203125
32308 0.2110004425048828
32308 0.3120899200439453
32308 0.14495849609375
32308 0.1239776611328125
32308 0.11610984802246094
32250 0.25200843811035156
32239 0.5319118499755859
32220 0.25582313537597656
32220 0.2200603485107422
32200 0.270843505859375
32188 0.07295608520507812
32188 0.2372264862060547
32179 0.225067138671875
32129 0.2741813659667969
32129 0.064849853515625
32116 0.08606910705566406
32099 0.12111663818359375
32099 0.03814697265625
32099 0.3008842468261719
32099 0.24199485778808594
32081 0.04482269287109375
32068 0.3829002380371094
32058 0.1590251922607422
32058 0.07009506225585938
32058 0.4138946533203125
32058 0.2028942108154297
32058 0.2789497375488281
32011 0.476837158203125
32011 0.5218982696533203
32011 0.2300739288330078
32011 0.3859996795654297
31929 0.31304359436035156
31929 0.1590251922607422
31929 0.3440380096435547
31929 0.15306472778320312
31921 0.2257823944091797
31905 0.050067901611328125
31905 0.1690387725830078
31905 0.17905235290527344
31899 0.4069805145263672
31870 0.2079010009765625
31870 0.23818016052246094
31831 0.8778572082519531
31784 0.12993812561035156
31784 0.2608299255371094
31738 0.23794174194335938
31690 0.1399517059326172
31671 0.5648136138916016
31614 0.20813941955566406
31614 0.5099773406982422
31614 0.3819465637207031
31614 0.14281272888183594
31596 0.5741119384765625
31595 0.3781318664550781
31595 0.26106834411621094
31595 0.2319812774658203
31579 0.13589859008789062
31564 0.4749298095703125
31563 0.06103515625
31490 0.4360675811767578
31490 0.07009506225585938
31490 0.07700920104980469
31473 0.20503997802734375
31473 0.3261566162109375
31473 0.34809112548828125
31461 0.45108795166015625
31430 0.04887580871582031
31411 0.38313865661621094
31411 0.057220458984375
31411 0.5660057067871094
31409 0.08392333984375
31395 0.26702880859375
31385 0.30803680419921875
31385 0.17690658569335938
31385 0.15497207641601562
31385 0.4901885986328125
31378 0.209808349609375
31378 0.17499923706054688
31378 0.20599365234375
31372 0.2181529998779297
31372 0.40411949157714844
31372 0.22292137145996094
31372 0.4458427429199219
31343 0.27298927307128906
31343 0.4069805145263672
31343 0.1800060272216797
31343 0.2548694610595703
31331 0.17380714416503906
31323 0.5669593811035156
31323 0.29587745666503906
31323 0.025987625122070312
31314 0.2689361572265625
31314 0.051975250244140625
31275 0.22101402282714844
31275 0.1709461212158203
31238 0.1881122589111328
31238 0.34499168395996094
31238 0.26297569274902344
31238 0.13113021850585938
31236 0.8051395416259766
31236 0.5719661712646484
31236 0.3840923309326172
31183 0.30303001403808594
31183 0.5199909210205078
31183 0.3681182861328125
31178 0.07915496826171875
31178 0.11086463928222656
31147 0.4210472106933594
31147 0.3781318664550781
31147 0.4849433898925781
31142 0.22602081298828125
31121 0.15401840209960938
31121 0.33211708068847656
31121 0.3008842468261719
31088 0.06389617919921875
31087 0.36406517028808594
31087 0.15115737915039062
31081 0.09703636169433594
31080 0.2269744873046875
31071 0.18215179443359375
31029 0.5321502685546875
30982 0.07700920104980469
30982 0.17118453979492188
30982 0.15401840209960938
30978 0.13113021850585938
30978 0.08797645568847656
30971 0.06794929504394531
30971 1.0020732879638672
30971 0.15497207641601562
30971 0.25916099548339844
30971 0.78582763671875
30971 0.6189346313476562
30971 0.2949237823486328
30937 0.5810260772705078
30932 0.18477439880371094
30922 0.23508071899414062
30922 0.11897087097167969
30915 0.22292137145996094
30908 0.6010532379150391
30877 0.1819133758544922
30877 0.16689300537109375
30877 0.41794776916503906
30877 0.09393692016601562
30877 0.34308433532714844
30877 0.07891654968261719
30863 0.24700164794921875
30855 0.032901763916015625
30844 0.28204917907714844
30841 0.13709068298339844
30841 0.4398822784423828
30841 0.5939006805419922
30833 0.09703636169433594
30816 0.10514259338378906
30815 0.2620220184326172
30773 0.35500526428222656
30773 0.15401840209960938
30773 0.19788742065429688
30773 0.21982192993164062
30773 0.24199485778808594
30747 0.3809928894042969
30732 0.3161430358886719
30732 0.21195411682128906
30729 0.12111663818359375
30725 0.3120899200439453
30722 0.1499652862548828
30680 0.11587142944335938
30680 0.14090538024902344
30662 0.10418891906738281
30652 0.19216537475585938
30652 0.06914138793945312
30645 0.09298324584960938
30603 0.0782012939453125
30593 0.1628398895263672
30593 0.23794174194335938
30593 0.11897087097167969
30577 0.29206275939941406
30577 0.10585784912109375
30577 0.31280517578125
30577 0.2760887145996094
30577 0.5900859832763672
30577 0.5030632019042969
30577 0.6721019744873047
30577 0.33211708068847656
30577 0.4830360412597656
30577 0.44798851013183594
30577 0.12302398681640625
30577 0.5540847778320312
30577 0.39696693420410156
30573 0.21791458129882812
30558 0.17213821411132812
30558 0.20194053649902344
30540 0.22602081298828125
30532 0.22602081298828125
30529 0.19502639770507812
30522 0.0438690185546875
30510 0.2238750457763672
30510 0.21886825561523438
30510 0.15282630920410156
30510 0.12493133544921875
30510 0.049114227294921875
30510 0.28896331787109375
30497 0.06103515625
30431 0.34809112548828125
30429 0.164031982421875
30429 0.2830028533935547
30407 0.05698204040527344
30407 0.2548694610595703
30396 0.06389617919921875
30396 0.5028247833251953
30396 0.1289844512939453
30396 0.5550384521484375
30396 0.11515617370605469
30396 0.1671314239501953
30396 0.09608268737792969
30396 0.4658699035644531
30385 0.36907196044921875
30341 0.17595291137695312
30341 0.16808509826660156
30341 0.37789344787597656
30341 0.23508071899414062
30315 0.10800361633300781
30315 0.051021575927734375
30315 0.1289844512939453
30293 0.21910667419433594
30293 0.31495094299316406
30277 0.3159046173095703
30268 0.3218650817871094
30268 0.3581047058105469
30268 0.030040740966796875
30249 0.2589225769042969
30249 0.15115737915039062
30249 0.5559921264648438
30249 0.19598007202148438
30249 0.2410411834716797
30249 0.34999847412109375
30242 0.34499168395996094
30234 0.11181831359863281
30234 0.12087821960449219
30234 0.34999847412109375
30228 0.39005279541015625
30224 0.5779266357421875
30224 0.2281665802001953
30213 0.16808509826660156
30208 0.10895729064941406
30199 0.3750324249267578
30199 0.3418922424316406
30199 0.5979537963867188
30199 0.09608268737792969
30133 0.20599365234375
30127 0.19311904907226562
30127 0.1690387725830078
30127 0.43487548828125
30127 0.2009868621826172
30127 0.5679130554199219
30127 0.3790855407714844
30127 0.09083747863769531
30114 0.47397613525390625
30092 0.27179718017578125
30084 0.16808509826660156
30076 0.5660057067871094
30060 0.30684471130371094
30060 0.3619194030761719
30044 0.4649162292480469
30044 0.09393692016601562
30044 0.0438690185546875
30018 0.19621849060058594
29970 0.3199577331542969
29970 0.2760887145996094
29959 0.27489662170410156
29942 0.17595291137695312
29913 0.23293495178222656
29913 0.24509429931640625
29913 0.08797645568847656
29913 0.16689300537109375
29896 0.10800361633300781
29870 0.35190582275390625
29850 0.24890899658203125
29841 0.34880638122558594
29815 0.186920166015625
29810 0.20003318786621094
29752 0.2911090850830078
29734 0.2841949462890625
29709 0.10800361633300781
29709 0.30612945556640625
29709 0.1399517059326172
29697 0.08702278137207031
29697 0.18405914306640625
29666 0.1552104949951172
29666 0.033855438232421875
29666 0.17499923706054688
29662 0.16808509826660156
29662 0.2720355987548828
29660 0.3261566162109375
29636 0.5741119384765625
29634 0.1251697540283203
29620 0.0820159912109375
29612 0.5719661712646484
29579 0.04291534423828125
29579 0.10991096496582031
29569 0.2701282501220703
29556 0.2701282501220703
29530 0.9901523590087891
29523 0.2601146697998047
29473 0.24509429931640625
29473 0.11205673217773438
29473 0.13113021850585938
29473 0.1361370086669922
29473 0.11301040649414062
29464 0.28705596923828125
29463 0.22983551025390625
29463 0.18405914306640625
29463 0.3008842468261719
29463 0.3371238708496094
29463 0.17976760864257812
29463 0.031948089599609375
29448 0.17881393432617188
29448 0.14400482177734375
29448 0.4220008850097656
29400 0.1571178436279297
29400 0.3528594970703125
29391 0.225067138671875
29391 0.2570152282714844
29391 0.14781951904296875
29359 0.15783309936523438
29359 0.5838871002197266
29359 0.1289844512939453
29349 0.2830028533935547
29349 0.04601478576660156
29349 0.16498565673828125
29349 0.2799034118652344
29349 0.3788471221923828
29345 0.5009174346923828
29345 0.3838539123535156
29345 0.1461505889892578
29334 0.4730224609375
29333 0.14090538024902344
29333 0.22602081298828125
29333 0.2720355987548828
29333 0.06604194641113281
29327 0.09703636169433594
29327 0.36907196044921875
29306 0.1850128173828125
29306 0.18286705017089844
29306 0.26798248291015625
29281 0.28204917907714844
29281 0.35881996154785156
29281 0.30684471130371094
29281 0.21791458129882812
29281 0.11491775512695312
29281 0.5409717559814453
29281 0.06508827209472656
29278 0.4780292510986328
29278 0.16379356384277344
29278 0.18906593322753906
29278 0.08893013000488281
29278 0.5009174346923828
29276 0.25200843811035156
29276 0.2751350402832031
29276 0.2200603485107422
29272 0.17309188842773438
29272 0.7781982421875
29272 1.0540485382080078
29272 0.5059242248535156
29272 0.18405914306640625
29272 0.14591217041015625
29268 0.3829002380371094
29268 0.17189979553222656
29262 0.1430511474609375
29262 0.10704994201660156
29262 0.09083747863769531
29262 0.5640983581542969
29262 0.3390312194824219
29262 0.5869865417480469
29262 0.1430511474609375
29262 0.1418590545654297
29262 0.14901161193847656
29262 0.080108642578125
29213 0.03409385681152344
29213 0.26917457580566406
29213 0.2830028533935547
29212 0.3612041473388672
29212 0.11706352233886719
29204 0.21600723266601562
29204 0.23984909057617188
29204 0.23698806762695312
29183 0.06794929504394531
29176 0.1499652862548828
29176 0.12302398681640625
29176 0.11301040649414062
29170 0.49996376037597656
29170 0.6260871887207031
29170 0.22482872009277344
29144 0.5819797515869141
29144 0.4849433898925781
29144 0.10704994201660156
29144 0.5729198455810547
29115 0.08106231689453125
29115 0.11801719665527344
29115 0.1919269561767578
29113 0.3948211669921875
29113 0.04696846008300781
29100 0.19884109497070312
29100 0.11587142944335938
29100 0.392913818359375
29063 0.3418922424316406
29063 0.4329681396484375
29063 0.5109310150146484
29060 0.32210350036621094
28975 0.23818016052246094
28929 0.1671314239501953
28929 0.09512901306152344
28929 0.5168914794921875
28929 0.49591064453125
28922 0.20885467529296875
28920 0.34999847412109375
28898 0.36907196044921875
28898 0.31685829162597656
28894 0.42891502380371094
28894 0.5850791931152344
28885 0.3409385681152344
28867 0.13113021850585938
28857 0.22411346435546875
28853 0.09918212890625
28853 0.35691261291503906
28840 0.5409717559814453
28840 0.3330707550048828
28840 0.16498565673828125
28790 0.15401840209960938
28790 0.2758502960205078
28790 0.1659393310546875
28790 0.3190040588378906
28720 0.28586387634277344
28720 0.43511390686035156
28719 0.1919269561767578
28719 0.09202957153320312
28719 0.6060600280761719
28718 0.4818439483642578
28623 0.5159378051757812
28595 0.2510547637939453
28595 0.04291534423828125
28595 0.3311634063720703
28570 0.2238750457763672
28570 0.5319118499755859
28551 0.1499652862548828
28551 0.26106834411621094
28551 0.5509853363037109
28551 0.1461505889892578
28551 0.27298927307128906
28551 0.21600723266601562
28551 0.102996826171875
28551 0.05793571472167969
28546 0.186920166015625
28546 0.5559921264648438
28539 0.1850128173828125
28539 0.11897087097167969
28539 0.3750324249267578
28490 0.2009868621826172
28450 0.5779266357421875
28444 0.07295608520507812
28436 0.31185150146484375
28429 0.09298324584960938
28416 0.10013580322265625
28393 0.2079010009765625
28388 0.026941299438476562
28381 0.2269744873046875
28368 0.11205673217773438
28368 0.1571178436279297
28340 0.44798851013183594
28340 0.6630420684814453
28340 0.537872314453125
28340 0.17690658569335938
28340 0.1239776611328125
28302 0.14400482177734375
28302 0.2589225769042969
28302 0.11587142944335938
28302 0.04100799560546875
28302 0.15306472778320312
28279 0.19478797912597656
28276 0.17404556274414062
28249 0.44608116149902344
28249 0.29277801513671875
28249 0.2689361572265625
28249 0.5958080291748047
28249 0.6060600280761719
28223 0.5500316619873047
28198 0.10204315185546875
28198 0.07414817810058594
28186 0.11610984802246094
28178 0.3180503845214844
28178 0.17380714416503906
28169 0.7829666137695312
28169 0.7429122924804688
28169 0.05984306335449219
28169 0.40602684020996094
28138 0.6999969482421875
28107 0.2040863037109375
28107 0.621795654296875
28087 0.5669593811035156
28087 0.30303001403808594
28087 0.1270771026611328
28087 0.3190040588378906
28080 0.1709461212158203
28068 0.47898292541503906
28068 0.32210350036621094
28068 0.1239776611328125
28068 0.21696090698242188
28068 0.3688335418701172
28068 0.8890628814697266
28068 0.6079673767089844
28060 0.37598609924316406
28060 0.2009868621826172
28045 0.03790855407714844
28045 0.4050731658935547
28036 0.18286705017089844
28036 0.4889965057373047
27992 0.1049041748046875
27992 0.3421306610107422
27991 0.2090930938720703
27991 0.8571147918701172
27991 0.29397010803222656
27990 0.26106834411621094
27982 0.20194053649902344
27961 0.05817413330078125
27959 0.1780986785888672
27959 0.23698806762695312
27959 0.38313865661621094
27959 0.12612342834472656
27959 0.39696693420410156
27935 0.21600723266601562
27914 0.1850128173828125
27908 0.3170967102050781
27908 0.08797645568847656
27908 0.3180503845214844
27908 0.20503997802734375
27908 1.0631084442138672
27908 0.8900165557861328
27908 0.3440380096435547
27908 0.7719993591308594
27906 0.7050037384033203
27906 0.8170604705810547
27838 0.2510547637939453
27762 0.1938343048095703
27762 0.392913818359375
27726 0.5388259887695312
27706 0.8120536804199219
27706 0.37598609924316406
27706 0.19502639770507812
27706 0.5571842193603516
27706 0.6549358367919922
27698 0.050067901611328125
27687 0.3840923309326172
27687 0.6031990051269531
27687 0.10395050048828125
27680 0.3159046173095703
27671 0.3170967102050781
27651 0.5419254302978516
27651 0.3829002380371094
27651 0.331878662109375
27638 0.2760887145996094
27638 0.13208389282226562
27638 0.18715858459472656
27638 0.09608268737792969
27638 0.3209114074707031
27577 0.3230571746826172
27565 0.3199577331542969
27481 0.37407875061035156
27458 0.4849433898925781
27458 0.7231235504150391
27458 0.7359981536865234
27443 0.2551078796386719
27443 0.7100105285644531
27443 0.12993812561035156
27443 0.1709461212158203
27411 0.5419254302978516
27402 0.4470348358154297
27402 0.2942085266113281
27402 0.1590251922607422
27383 0.6949901580810547
27358 0.19788742065429688
27358 0.14209747314453125
27355 0.6270408630371094
27355 0.5428791046142578
27330 0.28395652770996094
27330 0.7278919219970703
27300 0.09083747863769531
27295 0.6558895111083984
27295 0.6310939788818359
27295 0.2110004425048828
27295 0.4229545593261719
27280 0.09298324584960938
27280 0.17595291137695312
27280 0.6067752838134766
27280 0.19097328186035156
27280 0.5409717559814453
27238 0.7481575012207031
27238 0.38504600524902344
27219 0.3819465637207031
27219 0.06699562072753906
27219 0.38909912109375