298644 897.4649906158447
298624 3.7050247192382812
298605 7.145166397094727
298576 4.332065582275391
298576 1.4958381652832031
298556 5.098104476928711
298498 6.4849853515625
298498 9.873151779174805
298498 4.325151443481445
298485 2.537965774536133
298462 4.701137542724609
298448 2.2459030151367188
298448 7.623910903930664
298445 2.1669864654541016
298442 0.8399486541748047
298436 5.408048629760742
298436 4.164934158325195
298428 8.769989013671875
298428 0.35500526428222656
298420 3.8640499114990234
298420 0.40793418884277344
298399 4.476070404052734
298399 10.265111923217773
298395 1.1200904846191406
298395 8.533000946044922
298373 7.276058197021484
298368 4.019975662231445
298368 1.664876937866211
298359 2.3322105407714844
298350 0.6029605865478516
298350 0.43201446533203125
298350 0.8039474487304688
298339 8.26406478881836
298333 3.9250850677490234
298333 2.7000904083251953
298298 4.80198860168457
298281 0.30994415283203125
298265 4.79888916015625
298246 0.8189678192138672
298229 6.313085556030273
298208 4.869937896728516
298189 2.4170875549316406
298174 6.561040878295898
298166 4.051923751831055
298166 4.21595573425293
298165 4.55784797668457
298165 7.290840148925781
298162 9.438037872314453
298154 5.070924758911133
298154 5.396127700805664
298134 11.354923248291016
298096 4.723072052001953
298096 8.736848831176758
298085 3.45611572265625
298021 0.18310546875
297978 6.390810012817383
297978 0.5450248718261719
297977 6.870031356811523
297977 0.5700588226318359
297977 10.699987411499023
297925 4.678010940551758
297919 6.176948547363281
297919 7.004022598266602
297912 10.12110710144043
297912 0.47588348388671875
297912 0.04696846008300781
297912 3.415822982788086
297912 8.102893829345703
297885 4.111051559448242
297885 0.8730888366699219
297885 0.5908012390136719
297885 0.45299530029296875
297848 0.9620189666748047
297848 6.165027618408203
297845 3.9780139923095703
297845 6.062984466552734
297806 5.023956298828125
297754 5.685091018676758
297754 0.6749629974365234
297754 0.2048015594482422
297700 7.288932800292969
297700 9.311914443969727
297691 0.5409717559814453
297637 9.857892990112305
297614 0.8320808410644531
297603 1.2450218200683594
297594 8.608102798461914
297593 1.5208721160888672
297593 0.6670951843261719
297584 10.853052139282227
297580 0.8828639984130859
297580 11.738061904907227
297580 5.170106887817383
297580 4.640102386474609
297567 0.07581710815429688
297567 0.9021759033203125
297567 11.594057083129883
297566 1.399993896484375
297566 4.686832427978516
297488 0.22101402282714844
297488 3.2448768615722656
297465 6.4449310302734375
297446 6.5860748291015625
297441 8.443117141723633
297441 8.780956268310547
297436 1.104116439819336
297435 4.813909530639648
297390 7.992982864379883
297390 11.002063751220703
297363 0.16021728515625
297335 1.2269020080566406
297319 0.2849102020263672
297312 5.242109298706055
297234 6.528139114379883
297229 0.5660057067871094
297164 0.2532005310058594
297164 0.3941059112548828
297144 4.637956619262695
297137 3.7908554077148438
297137 0.6060600280761719
297131 10.67805290222168
297131 4.523992538452148
297131 6.712913513183594
297129 1.0578632354736328
297117 4.653215408325195
297117 5.656957626342773
297115 6.285905838012695
297115 10.6201171875
297115 0.4978179931640625
297115 6.564140319824219
297042 6.743192672729492
297024 8.6669921875
297024 5.237102508544922
297024 1.157999038696289
297024 4.32896614074707
296995 4.701137542724609
296995 8.194923400878906
296991 0.804901123046875
296991 3.654956817626953
296948 6.63304328918457
296948 6.6070556640625
296948 1.355886459350586
296917 10.394811630249023
296915 4.449129104614258
296915 0.5440711975097656
296885 8.404970169067383
296885 4.402875900268555
296885 3.7698745727539062
296872 2.580881118774414
296872 2.9611587524414062
296806 0.28395652770996094
296749 1.004934310913086
296749 3.2510757446289062
296727 8.3770751953125
296710 2.473115921020508
296710 7.941007614135742
296710 5.585908889770508
296627 9.547948837280273
296622 0.37407875061035156
296622 0.38695335388183594
296610 4.93311882019043
296555 3.7000179290771484
296555 3.701925277709961
296553 4.63414192199707
296538 2.6590824127197266
296518 4.067897796630859
296506 0.15997886657714844
296470 1.1479854583740234
296458 3.350973129272461
296452 3.983020782470703
296414 6.361961364746094
296414 2.6350021362304688
296414 3.15093994140625
296414 5.395174026489258
296393 1.0459423065185547
296393 10.16998291015625
296393 8.823871612548828
296393 5.262851715087891
296392 7.930994033813477
296389 6.535053253173828
296382 8.466005325317383
296382 4.258155822753906
296377 4.987001419067383
296377 0.514984130859375
296353 7.817983627319336
296353 5.486965179443359
296353 3.473997116088867
296353 0.5800724029541016
296353 6.75201416015625
296315 4.256963729858398
296308 0.9739398956298828
296308 6.92296028137207
296295 2.7658939361572266
296282 4.6291351318359375
296282 1.3360977172851562
296282 1.0459423065185547
296272 5.918025970458984
296272 0.8580684661865234
296264 6.502866744995117
296245 0.9579658508300781
296245 4.18400764465332
296245 5.131006240844727
296238 0.6239414215087891
296226 11.730194091796875
296226 6.81304931640625
296142 12.281179428100586
296142 0.7660388946533203
296103 0.2300739288330078
296073 2.0508766174316406
296073 5.836963653564453
296073 3.6749839782714844
296073 1.4810562133789062
296062 6.275177001953125
296062 2.9218196868896484
296031 4.509925842285156
296019 2.0639896392822266
295998 9.957075119018555
295998 0.44608116149902344
295942 0.3809928894042969
295942 5.544185638427734
295937 9.040117263793945
295925 4.180908203125
295873 0.7338523864746094
295873 2.396106719970703
295786 7.061958312988281
295786 7.323026657104492
295786 10.687112808227539
295781 6.174802780151367
295730 0.8809566497802734
295730 4.48918342590332
295730 11.672019958496094
295730 1.1069774627685547
295730 5.41996955871582
295719 6.532907485961914
295706 1.962900161743164
295706 5.769968032836914
295700 0.8060932159423828
295700 0.5850791931152344
295700 6.331920623779297
295700 4.59599494934082
295700 8.78000259399414
295681 0.4360675811767578
295675 1.3108253479003906
295675 10.488033294677734
295664 6.649971008300781
295635 0.3600120544433594
295635 1.1830329895019531
295626 4.7779083251953125
295610 5.700111389160156
295586 0.10609626770019531
295581 1.3089179992675781
295557 3.5691261291503906
295546 2.917051315307617
295546 2.9370784759521484
295546 5.201101303100586
295527 7.569074630737305
295522 7.936000823974609
295492 5.741119384765625
295489 6.180047988891602
295477 7.632017135620117
295447 8.127927780151367
295406 5.023002624511719
295406 0.9419918060302734
295395 0.13899803161621094
295388 4.418134689331055
295377 0.8690357208251953
295357 5.185127258300781
295338 0.5249977111816406
295301 10.223865509033203
295292 2.145051956176758
295292 5.420923233032227
295292 10.952949523925781
295292 0.49304962158203125
295222 3.966093063354492
295222 22.706031799316406
295222 0.7841587066650391
295136 8.913040161132812
295101 0.8370876312255859
295101 7.942914962768555
295084 22.619962692260742
295084 1.40380859375
295084 16.705036163330078
295064 21.367788314819336
295064 6.907939910888672
295064 19.82903480529785
295064 2.560853958129883
295021 0.3590583801269531
294994 15.460968017578125
294978 0.11086463928222656
294967 1.6651153564453125
294929 1.728057861328125
294920 0.8108615875244141
294920 9.679794311523438
294920 24.0020751953125
294904 12.344121932983398
294904 4.283905029296875
294904 2.933025360107422
294904 2.8939247131347656
294884 7.375955581665039
294884 0.6968975067138672
294884 2.38800048828125
294875 0.9901523590087891
294875 0.6680488586425781
294864 1.5218257904052734
294864 2.686023712158203
294864 6.016969680786133
294846 1.2359619140625
294778 5.342006683349609
294778 7.272005081176758
294778 2.1889209747314453
294727 1.8818378448486328
294683 10.401010513305664
294667 8.12983512878418
294630 4.475116729736328
294590 2.710103988647461
294590 7.072925567626953
294554 2.501964569091797
294532 1.9729137420654297
294511 2.106904983520508
294511 0.5059242248535156
294511 0.24199485778808594
294511 12.403011322021484
294500 8.473873138427734
294489 2.647876739501953
294489 4.963874816894531
294489 0.8718967437744141
294479 0.5199909210205078
294474 4.561185836791992
294456 0.5838871002197266
294456 8.333206176757812
294423 5.339145660400391
294418 6.923913955688477
294397 4.110097885131836
294397 0.3631114959716797
294397 0.1590251922607422
294397 0.03409385681152344
294397 6.596088409423828
294397 8.051872253417969
294372 0.8330345153808594
294357 10.252237319946289
294357 4.329919815063477
294347 5.121946334838867
294347 6.8149566650390625
294347 0.36597251892089844
294306 6.439924240112305
294290 10.380029678344727
294281 0.8039474487304688
294268 3.0651092529296875
294268 9.070158004760742
294268 1.3909339904785156
294230 9.166955947875977
294230 1.4529228210449219
294219 0.30303001403808594
294166 0.07295608520507812
294155 0.7998943328857422
294145 2.5730133056640625
294111 10.937929153442383
294111 1.5900135040283203
294042 3.339052200317383
294042 0.7879734039306641
294042 4.992008209228516
294042 5.237817764282227
294033 2.682924270629883
294033 7.003068923950195
293949 0.07605552673339844
293899 2.9900074005126953
293899 4.796028137207031
293899 2.2618770599365234
293852 5.849123001098633
293837 0.7379055023193359
293837 4.940032958984375
293837 8.897066116333008
293793 0.6630420684814453
293793 1.6291141510009766
293793 1.6150474548339844
293793 3.668069839477539
293793 6.592988967895508
293788 0.11014938354492188
293788 6.739139556884766
293788 1.2118816375732422
293788 6.543874740600586
293750 1.705169677734375
293702 6.061077117919922
293661 7.889032363891602
293657 4.369974136352539
293598 4.915952682495117
293593 6.911039352416992
293559 8.172988891601562
293539 8.919954299926758
293539 7.4710845947265625
293539 1.5230178833007812
293502 0.7898807525634766
293478 4.0740966796875
293478 4.976034164428711
293478 8.115053176879883
293478 0.17189979553222656
293474 0.4360675811767578
293464 2.958059310913086
293458 0.2110004425048828
293440 1.4629364013671875
293440 7.6770782470703125
293434 0.209808349609375
293423 5.526065826416016
293423 0.6010532379150391
293423 4.596948623657227
293409 1.026153564453125
293409 10.71786880493164
293409 5.5389404296875
293409 10.885000228881836
293390 7.105112075805664
293390 7.869958877563477
293383 0.6978511810302734
293341 0.26917457580566406
293341 6.472110748291016
293338 8.436918258666992
293325 9.114980697631836
293319 5.182981491088867
293304 0.6630420684814453
293289 8.787155151367188
293285 9.509086608886719
293278 3.980875015258789
293278 1.065969467163086
293278 10.065078735351562
293270 1.5218257904052734
293257 7.277965545654297
293237 6.994962692260742
293237 4.649162292480469
293210 8.02302360534668
293195 6.078004837036133
293195 9.467840194702148
293195 0.5409717559814453
293189 4.646062850952148
293189 3.721952438354492
293189 0.8041858673095703
293189 2.9959678649902344
293112 2.3348331451416016
293085 6.318092346191406
293085 0.9930133819580078
293075 8.20302963256836
293045 2.933025360107422
293045 0.720977783203125
292994 0.9300708770751953
292992 3.712892532348633
292992 10.622024536132812
292942 0.5948543548583984
292942 5.274057388305664
292942 0.4360675811767578
292930 0.8199214935302734
292930 5.146980285644531
292900 9.559154510498047
292827 3.186941146850586
292827 4.644155502319336
292827 2.110004425048828
292796 0.16498565673828125
292709 4.791021347045898
292709 6.119012832641602
292709 7.138967514038086
292699 5.069971084594727
292678 8.298873901367188
292673 0.8101463317871094
292627 6.067991256713867
292619 9.981870651245117
292617 6.202936172485352
292617 9.498834609985352
292607 1.9681453704833984
292607 6.218194961547852
292549 0.42891502380371094
292522 5.5999755859375
292522 0.7948875427246094
292462 8.102893829345703
292419 4.323005676269531
292419 4.574060440063477
292412 12.048006057739258
292412 0.2601146697998047
292408 0.8540153503417969
292408 1.5020370483398438
292387 5.798816680908203
292387 8.594036102294922
292363 5.811929702758789
292363 0.04792213439941406
292363 2.936124801635742
292331 8.173942565917969
292331 6.965160369873047
292331 5.281209945678711
292311 2.3140907287597656
292305 0.4870891571044922
292305 8.349895477294922
292305 6.201028823852539
292299 0.1780986785888672
292270 1.2569427490234375
292248 7.280826568603516
292248 0.2090930938720703
292248 0.5869865417480469
292227 4.709005355834961
292227 6.541013717651367
292219 4.269123077392578
292198 5.74803352355957
292102 0.904083251953125
292102 4.609107971191406
292102 0.1289844512939453
292102 0.38814544677734375
292102 5.0868988037109375
292097 0.8192062377929688
292097 5.720853805541992
292079 5.548954010009766
292079 5.710124969482422
292079 6.820917129516602
292055 0.17309188842773438
292055 4.503965377807617
292035 6.793975830078125
292023 7.934093475341797
292023 8.928060531616211
292017 6.829977035522461
292000 0.5910396575927734
292000 6.472110748291016
292000 0.5061626434326172
292000 10.463953018188477
292000 1.786947250366211
292000 7.291078567504883
291994 0.5621910095214844
291994 10.679006576538086
291994 0.14400482177734375
291991 6.456136703491211
291991 8.307933807373047
291966 11.39688491821289
291953 5.244970321655273
291953 3.2482147216796875
291936 6.941080093383789
291933 5.638837814331055
291933 0.4780292510986328
291870 1.7969608306884766
291870 1.0128021240234375
291858 5.110025405883789
291858 8.51583480834961
291858 8.746862411499023
291858 0.2491474151611328
291858 0.13399124145507812
291801 4.456043243408203
291801 11.129140853881836
291788 0.5548000335693359
291761 7.483959197998047
291760 0.15878677368164062
291760 4.455089569091797
291760 3.9680004119873047
291760 0.3418922424316406
291754 0.36406517028808594
291754 0.20194053649902344
291718 0.22220611572265625
291711 2.6040077209472656
291704 4.5070648193359375
291704 3.9110183715820312
291704 0.4031658172607422
291704 0.43582916259765625
291692 6.680011749267578
291643 4.291057586669922
291640 4.83393669128418
291640 0.2510547637939453
291640 6.381988525390625
291640 7.664918899536133
291633 2.941131591796875
291633 4.828929901123047
291607 4.867076873779297
291589 7.626056671142578
291589 6.979942321777344
291589 0.5040168762207031
291589 9.135007858276367
291588 3.062009811401367
291565 4.565954208374023
291514 6.850957870483398
291512 7.899999618530273
291494 4.072904586791992
291482 1.157999038696289
291476 8.481979370117188
291476 6.918907165527344
291459 8.343935012817383
291459 0.8041858673095703
291459 0.20003318786621094
291445 0.3027915954589844
291445 6.575107574462891
291445 5.388021469116211
291445 1.4338493347167969
291429 0.06008148193359375
291429 0.2880096435546875
291429 0.5869865417480469
291429 4.136085510253906
291429 7.323026657104492
291429 0.3879070281982422
291429 0.8170604705810547
291429 0.614166259765625
291429 0.4048347473144531
291427 6.6509246826171875
291411 0.5810260772705078
291411 7.225990295410156
291392 8.448123931884766
291337 0.11110305786132812
291333 4.458904266357422
291321 9.321928024291992
291320 5.951881408691406
291320 3.874063491821289
291313 4.222869873046875
291313 4.2018890380859375
291313 4.086971282958984
291305 7.384061813354492
291244 1.0228157043457031
291244 7.327079772949219
291237 3.515005111694336
291227 3.8661956787109375
291227 4.251956939697266
291184 2.2230148315429688
291158 4.731893539428711
291142 10.513067245483398
291142 0.7050037384033203
291142 0.5791187286376953
291132 1.3890266418457031
291132 0.6270408630371094
291132 1.6510486602783203
291123 6.563901901245117
291063 3.3791065216064453
291040 4.908084869384766
291040 6.847858428955078
291040 2.2029876708984375
291040 1.1050701141357422
291022 3.6199092864990234
290992 8.654117584228516
290992 7.6618194580078125
290992 7.395029067993164
290992 5.014896392822266
290989 3.5898685455322266
290974 9.593009948730469
290974 6.591081619262695
290962 0.6279945373535156
290950 7.192134857177734
290950 0.47397613525390625
290948 0.7331371307373047
290948 0.9009838104248047
290948 2.4449825286865234
290948 3.6041736602783203
290948 7.487058639526367
290948 0.03504753112792969
290948 0.6558895111083984
290907 3.795146942138672
290894 6.31403923034668
290894 6.126880645751953
290891 1.7549991607666016
290840 5.628824234008789
290840 0.5660057067871094
290838 5.548954010009766
290838 0.11420249938964844
290838 8.325815200805664
290805 1.0309219360351562
290780 4.9648284912109375
290780 0.24390220642089844
290780 8.449077606201172
290780 7.363796234130859
290780 3.332853317260742
290780 3.339052200317383
290766 0.1361370086669922
290762 5.764961242675781
290710 0.7200241088867188
290701 3.3180713653564453
290701 8.22591781616211
290698 7.866144180297852
290651 0.9510517120361328
290651 0.4470348358154297
290643 1.0449886322021484
290643 5.859851837158203
290643 1.2378692626953125
290624 6.263971328735352
290624 1.3260841369628906
290624 5.604028701782227
290571 1.5959739685058594
290558 2.6187896728515625
290558 3.565073013305664
290558 8.63790512084961
290558 5.749940872192383
290558 7.3490142822265625
290497 7.602930068969727
290485 6.565093994140625
290473 0.3421306610107422
290467 3.8480758666992188
290467 0.7660388946533203
290442 0.7228851318359375
290439 8.665084838867188
290431 1.8780231475830078
290424 5.875110626220703
290424 5.404949188232422
290401 1.2049674987792969
290393 0.20694732666015625
290390 0.9109973907470703
290349 1.6870498657226562
290316 0.05793571472167969
290316 0.032901763916015625
290316 1.0180473327636719
290240 6.587982177734375
290237 0.09298324584960938
290176 1.7180442810058594
290162 8.322000503540039
290152 4.94694709777832
290147 0.7789134979248047
290120 8.40306282043457
290120 3.1681060791015625
290111 1.547098159790039
290079 5.462169647216797
290079 0.823974609375
290066 4.332065582275391
290055 1.8329620361328125
290055 5.037069320678711
290055 1.0390281677246094
290055 7.560968399047852
290055 3.6530494689941406
290055 6.80994987487793
290055 0.7941722869873047
290035 1.661062240600586
289989 5.194902420043945
289989 3.2269954681396484
289989 5.928993225097656
289989 0.6449222564697266
289988 2.0761489868164062
289988 0.2899169921875
289967 0.7090568542480469
289945 7.4939727783203125
289935 0.2357959747314453
289906 2.432107925415039
289859 0.9322166442871094
289859 3.1321048736572266
289853 0.22482872009277344
289853 7.82012939453125
289853 6.412982940673828
289834 5.748987197875977
289834 2.608060836791992
289834 0.8759498596191406
289808 0.6160736083984375
289801 0.18787384033203125
289788 4.670858383178711
289788 1.1789798736572266
289777 8.416891098022461
289755 0.8130073547363281
289755 1.2810230255126953
289742 1.8429756164550781
289742 6.455898284912109
289742 1.9230842590332031
289692 3.7550926208496094
289692 1.9390583038330078
289685 7.498025894165039
289685 7.090091705322266
289685 0.8220672607421875
289685 0.8721351623535156
289685 7.775068283081055
289685 1.4090538024902344
289685 7.050037384033203
289666 8.660078048706055
289647 3.4399032592773438
289647 0.8440017700195312
289647 1.6171932220458984
289647 0.39696693420410156
289647 1.3620853424072266
289647 7.441043853759766
289647 4.535198211669922
289623 0.6699562072753906
289622 3.9968490600585938
289622 3.431081771850586
289618 2.3348331451416016
289618 0.7529258728027344
289606 5.959987640380859
289606 3.4639835357666016
289606 0.5519390106201172
289598 8.828878402709961
289561 2.249002456665039
289493 2.8138160705566406
289484 3.331899642944336
289484 1.0249614715576172
289477 3.036022186279297
289461 1.1289119720458984
289461 4.316091537475586
289461 7.070064544677734
289461 6.779909133911133
289461 4.889011383056641
289461 2.4030208587646484
289461 2.293109893798828
289458 2.9020309448242188
289458 0.6639957427978516
289433 1.210927963256836
289433 4.418134689331055
289433 8.151054382324219
289433 7.873058319091797
289411 0.8730888366699219
289411 3.248929977416992
289406 0.3330707550048828
289361 1.8808841705322266
289361 0.6899833679199219
289361 0.6830692291259766
289328 0.5319118499755859
289328 0.3578662872314453
289328 3.5719871520996094
289328 1.1208057403564453
289301 6.014108657836914
289301 4.598140716552734
289301 0.4639625549316406
289273 0.3349781036376953
289273 4.260063171386719
289273 5.872011184692383
289273 0.7770061492919922
289273 3.7000179290771484
289261 0.3190040588378906
289261 0.8251667022705078
289261 8.374929428100586
289250 0.22602081298828125
289250 2.413034439086914
289250 4.389047622680664
289228 3.7729740142822266
289228 1.394033432006836
289186 4.476070404052734
289186 3.960847854614258
289186 3.448963165283203
289177 2.8541088104248047
289113 7.092952728271484
289070 7.727146148681641
289046 1.3689994812011719
289046 0.32901763916015625
289045 0.8819103240966797
289045 4.206180572509766
289040 2.028942108154297
289009 4.091024398803711
289000 0.8668899536132812
289000 4.172801971435547
288965 0.3910064697265625
288961 7.28297233581543
288953 0.8199214935302734
288953 0.9679794311523438
288953 0.3299713134765625
288946 8.07809829711914
288946 1.2331008911132812
288946 0.9419918060302734
288940 1.0771751403808594
288940 5.947113037109375
288928 7.436037063598633
288922 0.9169578552246094
288922 0.1480579376220703
288895 0.2942085266113281
288883 4.517078399658203
288879 4.134178161621094
288879 1.6701221466064453
288879 8.003950119018555
288843 1.363992691040039
288773 0.25010108947753906
288773 0.49185752868652344
288773 1.7900466918945312
288773 3.133058547973633
288773 2.089977264404297
288734 4.348993301391602
288728 0.6918907165527344
288728 2.3021697998046875
288728 4.214048385620117
288679 5.039215087890625
288679 1.271963119506836
288643 1.0900497436523438
288643 7.946968078613281
288643 5.50389289855957
288595 7.305145263671875
288552 1.3930797576904297
288522 9.010076522827148
288513 2.588987350463867
288510 0.7109642028808594
288510 4.956960678100586
288510 6.762981414794922
288508 4.462003707885742
288496 3.4902095794677734
288492 0.8521080017089844
288492 2.6519298553466797
288479 5.006074905395508
288479 4.606008529663086
288479 1.0900497436523438
288479 3.162860870361328
288479 0.3719329833984375
288438 8.901834487915039
288438 1.283884048461914
288438 3.849029541015625
288437 1.1370182037353516
288437 4.647970199584961
288388 1.3251304626464844
288382 1.3880729675292969
288371 0.469207763671875
288343 5.650043487548828
288343 8.301019668579102
288343 2.178192138671875
288343 0.4448890686035156
288343 0.04506111145019531
288311 2.2950172424316406
288305 2.2552013397216797
288305 0.10514259338378906
288270 8.31294059753418
288235 0.9708404541015625
288228 4.995822906494141
288228 0.49996376037597656
288223 1.1649131774902344
288223 7.190942764282227
288205 7.517099380493164
288202 7.630109786987305
288193 6.963014602661133
288114 0.2541542053222656
288114 0.14519691467285156
288111 0.20003318786621094
288111 0.5278587341308594
288106 2.568960189819336
288106 7.608890533447266
288106 0.11706352233886719
288102 1.2159347534179688
288102 6.865024566650391
288081 0.7598400115966797
288081 8.175849914550781
288081 4.834890365600586
288067 2.1610260009765625
288067 8.048057556152344
288067 0.1010894775390625
288062 5.311012268066406
288055 0.946044921875
288053 6.34312629699707
288009 1.3990402221679688
288009 0.43392181396484375
288006 5.018949508666992
288006 7.679939270019531
288006 5.50389289855957
287976 0.0858306884765625
287976 5.937099456787109
287976 0.5960464477539062
287976 8.249044418334961
287976 6.227970123291016
287952 7.200956344604492
287921 0.09107589721679688
287921 1.5969276428222656
287841 1.3480186462402344
287828 6.482124328613281
287823 0.33402442932128906
287823 3.4911632537841797
287794 0.2281665802001953
287794 2.4061203002929688
287794 8.065938949584961
287794 0.5550384521484375
287757 4.765987396240234
287757 0.3941059112548828
287757 1.1339187622070312
287757 7.266044616699219
287675 4.348039627075195
287633 0.9949207305908203
287613 5.614995956420898
287570 4.739046096801758
287569 2.588987350463867
287569 6.910085678100586
287569 5.808115005493164
287569 5.398035049438477
287569 3.258943557739258
287569 3.3910274505615234
287549 7.4901580810546875
287549 0.9670257568359375
287549 1.6579627990722656
287549 1.1069774627685547
287528 0.08511543273925781
287475 7.725954055786133
287462 2.468109130859375
287462 4.452943801879883
287444 1.5959739685058594
287435 2.373933792114258
287378 1.7521381378173828
287378 9.330987930297852
287378 1.2469291687011719
287346 1.405954360961914
287310 1.2819766998291016
287237 0.8759498596191406
287213 1.9140243530273438
287176 0.8261203765869141
287176 7.40504264831543
287173 7.512092590332031
287173 7.647037506103516
287173 2.9420852661132812
287101 1.09100341796875
287076 2.3479461669921875
287066 6.551980972290039
287062 3.927946090698242
287061 0.6008148193359375
287061 7.912158966064453
287048 7.796049118041992
287048 2.171039581298828
287024 6.371974945068359
287024 3.6468505859375
286978 6.965875625610352
286972 4.189968109130859
286949 0.865936279296875
286906 7.483959197998047
286906 0.4329681396484375
286906 0.7178783416748047
286898 0.9100437164306641
286898 4.7740936279296875
286898 4.5928955078125
286898 6.199121475219727
286898 1.299142837524414
286894 2.20489501953125
286878 0.32591819763183594
286878 7.26008415222168
286871 6.0749053955078125
286871 7.153987884521484
286871 6.7119598388671875