18179 21.301984786987305
18170 0.21505355834960938
18163 0.5261898040771484
18163 0.31185150146484375
18159 0.11205673217773438
18151 0.15306472778320312
18145 0.5249977111816406
18110 0.21886825561523438
18110 0.4839897155761719
18106 0.08702278137207031
18083 0.1850128173828125
18064 0.05793571472167969
18064 0.12493133544921875
18058 0.06914138793945312
18053 0.09584426879882812
18032 0.5109310150146484
18032 0.15115737915039062
18024 0.24700164794921875
17996 0.08416175842285156
17977 0.08893013000488281
17977 0.031948089599609375
17977 0.1850128173828125
17977 0.15807151794433594
17962 0.4439353942871094
17962 0.7829666137695312
17949 0.2760887145996094
17883 1.316070556640625
17883 0.07200241088867188
17872 0.4010200500488281
17872 0.21576881408691406
17872 0.5300045013427734
17872 0.20384788513183594
17831 0.32782554626464844
17824 0.21910667419433594
17800 0.15807151794433594
17790 0.1220703125
17790 0.2040863037109375
17777 0.12087821960449219
17776 0.9310245513916016
17775 0.5309581756591797
17775 0.16617774963378906
17765 0.3299713134765625
17754 0.5321502685546875
17722 0.5791187286376953
17722 0.21386146545410156
17722 0.5359649658203125
17722 0.10704994201660156
17713 0.09179115295410156
17703 0.29397010803222656
17703 0.4940032958984375
17703 0.2338886260986328
17672 0.08487701416015625
17672 0.5078315734863281
17663 0.36907196044921875
17636 0.02288818359375
17636 0.11992454528808594
17636 0.4341602325439453
17636 0.25010108947753906
17618 0.12612342834472656
17618 0.25010108947753906
17618 0.25916099548339844
17595 0.09894371032714844
17580 0.15401840209960938
17552 0.04601478576660156
17552 0.08296966552734375
17540 0.15687942504882812
17540 0.23293495178222656
17540 0.4780292510986328
17518 0.34308433532714844
17518 0.3209114074707031
17506 0.07510185241699219
17506 0.25200843811035156
17487 0.0629425048828125
17487 0.4601478576660156
17480 0.15115737915039062
17480 0.09107589721679688
17465 0.06890296936035156
17439 0.052928924560546875
17439 0.5841255187988281
17439 0.11277198791503906
17426 0.20384788513183594
17426 0.09012222290039062
17406 0.2911090850830078
17383 0.2601146697998047
17383 0.10919570922851562
17368 0.1780986785888672
17362 0.186920166015625
17362 0.12683868408203125
17362 0.29397010803222656
17304 0.09799003601074219
17301 0.02288818359375
17233 0.102996826171875
17233 0.06198883056640625
17233 0.0591278076171875
17233 0.26607513427734375
17217 0.09894371032714844
17217 0.476837158203125
17194 0.18787384033203125
17189 0.08797645568847656
17186 0.102996826171875
17186 0.13685226440429688
17168 0.33092498779296875
17165 0.17404556274414062
17165 0.3371238708496094
17165 0.049114227294921875
17123 0.3559589385986328
17059 0.4520416259765625
17059 0.3571510314941406
17059 0.04601478576660156
17020 0.5080699920654297
17001 0.2560615539550781
17000 0.07581710815429688
16995 0.06699562072753906
16981 0.6740093231201172
16966 0.1990795135498047
16944 0.11801719665527344
16944 0.7219314575195312
16944 0.21386146545410156
16941 0.3490447998046875
16941 0.2491474151611328
16941 0.17595291137695312
16941 0.30112266540527344
16936 0.5009174346923828
16934 0.3008842468261719
16923 0.1780986785888672
16923 0.20599365234375
16922 0.4978179931640625
16922 0.20694732666015625
16906 0.23984909057617188
16861 0.2620220184326172
16844 0.5140304565429688
16839 0.4448890686035156
16839 0.12683868408203125
16839 0.15282630920410156
16839 0.12493133544921875
16839 0.2491474151611328
16839 0.08606910705566406
16818 0.225067138671875
16818 0.3781318664550781
16811 0.11801719665527344
16783 0.15306472778320312
16783 0.3368854522705078
16783 0.05316734313964844
16783 0.6461143493652344
16775 0.0820159912109375
16752 0.12493133544921875
16752 0.21910667419433594
16752 0.3199577331542969
16732 0.2269744873046875
16732 0.041961669921875
16721 0.0782012939453125
16707 0.08606910705566406
16696 0.06103515625
16696 0.08893013000488281
16696 0.17881393432617188
16696 0.4909038543701172
16696 0.030994415283203125
16637 0.09393692016601562
16609 0.3437995910644531
16571 0.3349781036376953
16545 0.06699562072753906
16513 0.13899803161621094
16513 0.06508827209472656
16510 0.4971027374267578
16494 0.15997886657714844
16450 0.11110305786132812
16432 0.5118846893310547
16428 0.11992454528808594
16427 0.07796287536621094
16411 0.4470348358154297
16403 0.5919933319091797
16403 0.05412101745605469
16403 0.12302398681640625
16403 0.1239776611328125
16376 0.5779266357421875
16376 0.08988380432128906
16376 0.5290508270263672
16376 0.5309581756591797
16329 0.3581047058105469
16329 0.34689903259277344
16327 0.308990478515625
16327 0.09107589721679688
16327 0.06008148193359375
16327 0.8039474487304688
16327 0.2689361572265625
16327 0.7660388946533203
16327 0.08988380432128906
16327 0.1480579376220703
16318 0.06008148193359375
16295 0.11110305786132812
16293 0.225067138671875
16293 0.15282630920410156
16285 0.6351470947265625
16268 0.052928924560546875
16268 0.16808509826660156
16268 0.9400844573974609
16249 0.6451606750488281
16244 0.8909702301025391
16244 0.5290508270263672
16240 0.1690387725830078
16240 0.1239776611328125
16226 0.11897087097167969
16209 0.3681182861328125
16198 0.6070137023925781
16193 0.2739429473876953
16157 0.03790855407714844
16157 0.3008842468261719
16157 0.3859996795654297
16157 0.053882598876953125
16110 0.7250308990478516
16110 0.5280971527099609
16110 0.07987022399902344
16110 0.5929470062255859
16110 0.19502639770507812
16076 0.28204917907714844
16076 0.32901763916015625
16041 0.24390220642089844
15994 0.33402442932128906
15994 0.03504753112792969
15994 0.820159912109375
15976 0.05602836608886719
15966 0.12087821960449219
15966 0.21982192993164062
15966 0.55694580078125
15926 0.48995018005371094
15926 0.6690025329589844
15926 0.10800361633300781
15926 0.5040168762207031
15898 0.2899169921875
15898 0.37288665771484375
15898 0.10609626770019531
15898 0.1010894775390625
15898 0.2300739288330078
15883 0.47397613525390625
15883 0.19788742065429688
15866 0.07700920104980469
15864 0.05888938903808594
15857 0.09298324584960938
15857 0.09107589721679688
15857 0.08296966552734375
15857 0.23317337036132812
15837 0.2129077911376953
15837 0.5350112915039062
15837 0.12803077697753906
15763 0.13399124145507812
15736 0.55694580078125
15736 0.05888938903808594
15685 0.5009174346923828
15670 0.06794929504394531
15658 0.15211105346679688
15632 1.0519027709960938
15632 0.053882598876953125
15592 0.23794174194335938
15588 0.18095970153808594
15588 0.13899803161621094
15547 0.3409385681152344
15547 0.15783309936523438
15529 0.08106231689453125
15525 0.2799034118652344
15517 0.18095970153808594
15516 0.10514259338378906
15516 0.05316734313964844
15516 0.06604194641113281
15516 0.029087066650390625
15498 0.23794174194335938
15483 0.5040168762207031
15483 0.6899833679199219
15476 0.4558563232421875
15458 0.24390220642089844
15458 0.32806396484375
15458 0.33402442932128906
15458 0.3178119659423828
15458 0.67901611328125
15430 0.28705596923828125
15380 0.47898292541503906
15380 0.7841587066650391
15379 0.11706352233886719
15367 0.6618499755859375
15367 0.4878044128417969
15354 0.11706352233886719
15354 0.42510032653808594
15354 0.27680397033691406
15349 0.5450248718261719
15349 0.5321502685546875
15349 0.31304359436035156
15349 0.15997886657714844
15329 0.07700920104980469
15319 0.06103515625
15319 0.44608116149902344
15319 0.41604042053222656
15315 0.21195411682128906
15274 0.09894371032714844
15274 0.72479248046875
15274 0.18906593322753906
15259 0.1361370086669922
15259 0.5140304565429688
15259 0.5788803100585938
15259 0.36597251892089844
15230 0.44083595275878906
15230 0.4889965057373047
15230 0.08797645568847656
15230 0.43201446533203125
15230 0.6070137023925781
15202 0.7319450378417969
15202 0.164031982421875
15202 0.3159046173095703
15202 0.05602836608886719
15145 0.08893013000488281
15145 0.1430511474609375
15145 0.5431175231933594
15118 0.2582073211669922
15118 0.5979537963867188
15118 0.4630088806152344
15102 0.0820159912109375
15091 0.5428791046142578
15091 0.19502639770507812
15086 0.4379749298095703
15076 0.07891654968261719
14999 0.17404556274414062
14999 0.6120204925537109
14999 0.8060932159423828
14999 0.26798248291015625
14997 0.07605552673339844
14947 1.2748241424560547
14923 0.09107589721679688
14923 0.5688667297363281
14923 0.1659393310546875
14889 0.5810260772705078
14889 0.5400180816650391
14854 0.46706199645996094
14853 0.2448558807373047
14853 0.13494491577148438
14840 0.080108642578125
14840 0.07200241088867188
14840 0.49304962158203125
14840 0.41294097900390625
14840 0.720977783203125
14840 0.054836273193359375
14814 0.2930164337158203
14814 0.033855438232421875
14814 0.26106834411621094
14814 0.16498565673828125
14814 0.11396408081054688
14814 0.4730224609375
14810 0.4029273986816406
14810 0.3361701965332031
14803 0.45299530029296875
14796 0.04315376281738281
14796 0.04100799560546875
14796 0.3361701965332031
14796 0.5280971527099609
14729 0.2760887145996094
14729 0.13899803161621094
14668 0.10204315185546875
14666 0.45800209045410156
14648 0.15807151794433594
14644 0.26106834411621094
14644 0.35119056701660156
14644 0.09894371032714844
14640 0.5428791046142578
14640 0.263214111328125
14637 0.3609657287597656
14614 0.1049041748046875
14609 0.06508827209472656
14585 0.5211830139160156
14545 0.1900196075439453
14545 0.37598609924316406
14545 0.08106231689453125
14531 0.40912628173828125
14522 0.8089542388916016
14522 0.7269382476806641
14522 0.1800060272216797
14510 0.22077560424804688
14510 0.10204315185546875
14510 0.27108192443847656
14510 0.5240440368652344
14510 0.28514862060546875
14510 0.5409717559814453
14510 0.09393692016601562
14510 0.03790855407714844
14510 0.06008148193359375
14458 0.3421306610107422
14407 0.04696846008300781
14394 0.1399517059326172
14393 0.32711029052734375
14374 0.4458427429199219
14366 0.23698806762695312
14328 0.3120899200439453
14322 0.26607513427734375
14322 0.11897087097167969
14318 0.17690658569335938
14293 0.4818439483642578
14286 0.19311904907226562
14286 0.080108642578125
14286 0.1780986785888672
14286 0.11897087097167969
14248 0.04601478576660156
14241 0.4470348358154297
14241 0.6728172302246094
14241 0.39196014404296875
14241 0.06389617919921875
14241 0.4978179931640625
14233 0.08487701416015625
14233 0.10395050048828125
14231 0.1800060272216797
14231 0.14591217041015625
14231 0.28705596923828125
14228 0.44798851013183594
14224 0.051975250244140625
14224 0.14591217041015625
14224 0.1609325408935547
14162 0.31304359436035156
14159 0.37598609924316406
14159 0.3001689910888672
14149 0.3330707550048828
14113 0.4551410675048828
14113 0.2009868621826172
14097 0.141143798828125
14091 0.225067138671875
14091 0.030994415283203125
14091 0.0629425048828125
14090 0.15306472778320312
14090 0.14281272888183594
14060 0.29087066650390625
14059 0.1010894775390625
14050 0.42700767517089844
14050 0.3972053527832031
14050 0.16689300537109375
14048 0.3540515899658203
14048 0.11301040649414062
14048 0.32401084899902344
14048 0.21791458129882812
14047 0.35881996154785156
14047 0.1990795135498047
14047 0.36597251892089844
14047 0.4069805145263672
14047 0.25582313537597656
14042 0.2079010009765625
14042 0.5118846893310547
14015 0.28014183044433594
14015 0.5738735198974609
13992 0.09703636169433594
13975 0.3478527069091797
13975 0.1239776611328125
13965 0.05888938903808594
13965 0.2200603485107422
13965 0.3180503845214844
13938 0.33593177795410156
13938 0.11205673217773438
13912 0.2989768981933594
13908 0.14209747314453125
13908 0.18715858459472656
13908 0.18906593322753906
13874 0.3991127014160156
13866 0.13399124145507812
13862 0.11801719665527344
13817 0.5519390106201172
13817 0.080108642578125
13797 0.21409988403320312
13797 0.5581378936767578
13788 0.23794174194335938
13781 0.07605552673339844
13781 0.2601146697998047
13781 0.12993812561035156
13773 0.2779960632324219
13773 0.1990795135498047
13773 0.11205673217773438
13708 0.13899803161621094
13708 0.44989585876464844
13679 0.4298686981201172
13673 0.2880096435546875
13673 0.19693374633789062
13673 0.2741813659667969
13673 0.25200843811035156
13670 0.2779960632324219
13670 0.22602081298828125
13670 0.2200603485107422
13670 0.17499923706054688
13670 0.21600723266601562
13670 0.080108642578125
13670 0.05698204040527344
13614 0.10204315185546875
13614 0.2689361572265625
13614 0.5331039428710938
13614 0.15687942504882812
13559 0.141143798828125
13559 0.4642009735107422
13559 0.16307830810546875
13556 0.17189979553222656
13555 0.1239776611328125
13543 0.05412101745605469
13535 0.3559589385986328
13535 0.2110004425048828
13535 0.47707557678222656
13535 0.5471706390380859
13535 0.5140304565429688
13535 0.008821487426757812
13524 0.09298324584960938
13513 0.2281665802001953
13513 0.42891502380371094
13513 0.3371238708496094
13513 0.2770423889160156
13513 0.18715858459472656
13513 0.3120899200439453
13491 0.11491775512695312
13491 0.2720355987548828
13491 0.5159378051757812
13491 0.026941299438476562
13491 0.18095970153808594
13481 0.33092498779296875
13481 0.2980232238769531
13474 0.4169940948486328
13473 0.2460479736328125
13441 0.03695487976074219
13441 0.40411949157714844
13441 0.2200603485107422
13441 0.202178955078125
13438 0.050067901611328125
13438 0.3190040588378906
13438 0.18978118896484375
13430 0.1900196075439453
13412 0.5979537963867188
13402 0.5588531494140625
13384 0.5519390106201172
13384 0.22792816162109375
13384 0.24008750915527344
13384 0.2288818359375
13384 0.4611015319824219
13379 0.4069805145263672
13379 0.4420280456542969
13379 0.20503997802734375
13379 0.11515617370605469
13379 0.20313262939453125
13379 0.19812583923339844
13379 0.27108192443847656
13375 0.4191398620605469
13375 0.3941059112548828
13366 0.11014938354492188
13366 0.1728534698486328
13359 0.10204315185546875
13282 0.025033950805664062
13282 0.2620220184326172
13281 0.27680397033691406
13281 0.09894371032714844
13281 0.1201629638671875
13281 0.3769397735595703
13281 0.29087066650390625
13273 0.13899803161621094
13260 0.25010108947753906
13256 0.024080276489257812
13256 0.41103363037109375
13256 0.4220008850097656
13239 0.13113021850585938
13239 0.05316734313964844
13224 0.10609626770019531
13221 0.11897087097167969
13187 0.5609989166259766
13187 0.11420249938964844
13187 0.24890899658203125
13187 0.3409385681152344
13187 0.3559589385986328
13187 0.2701282501220703
13184 0.1671314239501953
13184 0.2961158752441406
13184 0.4439353942871094
13183 0.06198883056640625
13183 0.5459785461425781
13167 0.07891654968261719
13148 0.08416175842285156
13142 0.3020763397216797
13106 0.09298324584960938
13106 0.30994415283203125
13097 0.07390975952148438
13097 0.23484230041503906
13080 0.3590583801269531
13080 0.2980232238769531
13080 0.2961158752441406
13080 0.2529621124267578
13080 0.3209114074707031
13080 0.08487701416015625
13080 0.7529258728027344
13041 0.4220008850097656
13041 0.225067138671875
13041 0.2720355987548828
13041 0.11897087097167969
13041 0.27298927307128906
13041 0.09202957153320312
13041 0.148773193359375
13041 0.1900196075439453
13026 0.2961158752441406
13024 0.04315376281738281
13006 0.3681182861328125
13006 0.30493736267089844
12949 0.14090538024902344
12929 0.3559589385986328
12893 0.4119873046875
12873 0.3330707550048828
12871 0.32520294189453125
12871 0.347137451171875
12871 0.21600723266601562
12871 0.06699562072753906
12854 0.3559589385986328
12854 0.18787384033203125
12843 0.16188621520996094
12829 0.08988380432128906
12826 0.4630088806152344
12826 0.29015541076660156
12826 0.17714500427246094
12826 0.2830028533935547
12826 0.17404556274414062
12826 0.034809112548828125
12826 0.5168914794921875
12826 0.20599365234375
12821 0.2200603485107422
12821 0.22602081298828125
12821 0.247955322265625
12821 0.32901763916015625
12791 0.2079010009765625
12773 0.23102760314941406
12773 0.2951622009277344
12773 0.07891654968261719
12773 0.31685829162597656
12753 0.28204917907714844
12753 0.11515617370605469
12751 0.2770423889160156
12751 0.07700920104980469
12751 0.1609325408935547
12739 0.47016143798828125
12731 0.05507469177246094
12731 0.21409988403320312
12731 0.13303756713867188
12725 0.3960132598876953
12725 0.3650188446044922
12725 0.30803680419921875
12725 0.06604194641113281
12692 0.20599365234375
12692 0.3669261932373047
12692 0.26297569274902344
12672 1.0559558868408203
12672 0.24199485778808594
12672 1.3871192932128906
12669 0.4010200500488281
12669 0.05888938903808594
12667 0.3039836883544922
12647 0.45180320739746094
12647 0.24580955505371094
12638 0.24008750915527344
12638 0.4508495330810547
12638 0.0591278076171875
12598 0.06508827209472656
12594 0.06794929504394531
12594 0.25391578674316406
12594 0.2980232238769531
12594 0.37097930908203125
12588 0.48089027404785156
12588 0.06103515625
12588 0.5822181701660156
12588 0.553131103515625
12563 0.1537799835205078
12525 0.4229545593261719
12525 0.4069805145263672
12478 0.27108192443847656
12469 0.17905235290527344
12469 0.1239776611328125
12454 0.4298686981201172
12454 0.2498626708984375
12454 0.3490447998046875
12454 0.16617774963378906
12454 0.3159046173095703
12454 0.06604194641113281
12445 0.5259513854980469
12425 0.3509521484375
12425 0.4029273986816406
12425 0.33593177795410156
12425 0.2491474151611328
12425 0.3421306610107422
12410 0.15306472778320312
12399 0.2830028533935547
12399 0.032901763916015625
12386 0.5850791931152344
12386 0.3077983856201172
12386 0.2739429473876953
12386 0.22602081298828125
12382 0.4870891571044922
12377 0.26988983154296875
12377 0.30994415283203125
12377 0.6909370422363281
12348 0.5359649658203125
12348 0.29015541076660156
12333 0.08702278137207031
12333 0.3809928894042969
12333 0.3190040588378906
12329 0.3199577331542969
12329 0.1418590545654297
12317 0.08082389831542969
12311 0.4069805145263672
12311 0.08702278137207031
12301 0.5049705505371094
12301 0.14710426330566406
12288 0.04315376281738281
12288 0.09989738464355469
12261 0.39005279541015625
12254 0.4220008850097656
12254 0.028133392333984375
12248 0.3781318664550781
12248 0.24008750915527344
12248 0.2429485321044922
12248 0.050067901611328125
12248 0.052928924560546875
12248 0.03409385681152344
12188 0.36716461181640625
12188 0.37097930908203125
12188 0.16498565673828125
12171 0.4029273986816406
12171 0.4601478576660156
12171 0.5919933319091797
12171 0.5168914794921875
12135 0.45609474182128906
12135 0.3209114074707031
12135 0.4050731658935547
12130 0.028848648071289062
12130 0.6110668182373047
12130 0.28204917907714844
12130 0.06985664367675781
12130 0.41484832763671875
12130 0.4138946533203125
12130 0.21195411682128906
12130 0.10991096496582031
12130 0.4379749298095703
12130 0.3840923309326172
12130 0.07009506225585938
12129 0.12302398681640625
12129 0.07295608520507812
12127 0.23102760314941406
12127 0.2579689025878906
12124 0.1850128173828125
12099 0.06794929504394531
12099 0.20384788513183594
12099 0.09298324584960938
12099 0.23317337036132812
12099 0.141143798828125
12099 0.07700920104980469
12085 0.45490264892578125
12085 0.20813941955566406
12085 0.0820159912109375
12085 0.3440380096435547
12073 0.15401840209960938
12073 0.3731250762939453
12073 0.15401840209960938
12073 0.2200603485107422
12061 0.32401084899902344
12043 0.1621246337890625
12043 0.6279945373535156
12043 0.03695487976074219
12043 0.06794929504394531
12043 0.3001689910888672
12043 0.3490447998046875
12043 0.13113021850585938
12032 0.347137451171875
12032 0.22602081298828125
12032 0.07700920104980469
12028 0.41103363037109375
12028 0.21719932556152344
12028 0.6470680236816406
12028 0.1990795135498047
12028 0.164031982421875
12028 0.4210472106933594
12028 0.21195411682128906
11991 0.5679130554199219
11979 0.2009868621826172
11979 0.5099773406982422
11979 0.5109310150146484
11979 0.07605552673339844
11979 0.3170967102050781
11979 0.6170272827148438
11979 0.28014183044433594
11979 0.6339550018310547
11979 0.19788742065429688
11979 0.09799003601074219
11979 0.05888938903808594
11979 0.4851818084716797
11979 0.08106231689453125
11979 0.7529258728027344
11979 0.49996376037597656
11968 0.06008148193359375
11968 0.24700164794921875
11968 0.49185752868652344
11968 0.4200935363769531
11959 0.07200241088867188
11959 0.2129077911376953
11959 0.06794929504394531
11954 0.1761913299560547
11954 0.4189014434814453
11954 0.5910396575927734
11924 0.41985511779785156
11924 0.2510547637939453
11924 0.5481243133544922
11924 0.09703636169433594
11907 0.11682510375976562
11907 0.45609474182128906
11907 0.06604194641113281
11907 0.04100799560546875
11899 0.09584426879882812
11890 0.1049041748046875
11878 0.44918060302734375
11878 0.05507469177246094
11878 0.2620220184326172
11878 0.3769397735595703
11878 0.051021575927734375
11864 0.6041526794433594
11862 0.4000663757324219
11862 0.2758502960205078
11862 0.5059242248535156
11862 0.06318092346191406
11862 0.14591217041015625
11831 0.3910064697265625
11829 0.3619194030761719
11824 0.08392333984375
11824 0.2999305725097656
11824 0.3819465637207031
11824 0.4317760467529297
11820 0.6580352783203125
11812 0.5879402160644531
11806 0.10204315185546875
11806 0.2129077911376953
11806 0.1380443572998047
11783 0.050067901611328125
11783 0.051975250244140625
11783 0.5359649658203125
11783 0.1499652862548828
11783 0.2200603485107422
11783 0.21004676818847656
11783 0.2269744873046875
11765 0.6721019744873047
11765 0.40411949157714844
11760 0.07915496826171875
11760 0.11801719665527344
11760 0.1628398895263672
11760 0.23984909057617188
11740 0.2980232238769531
11726 0.05316734313964844
11726 0.39505958557128906
11726 0.15997886657714844
11690 0.4050731658935547
11690 0.4382133483886719
11667 0.2799034118652344
11667 0.3619194030761719
11667 0.051021575927734375
11667 0.06794929504394531
11667 0.13709068298339844
11667 0.3590583801269531
11667 0.4279613494873047
11667 0.2949237823486328
11651 0.102996826171875
11651 0.051021575927734375
11644 0.40793418884277344
11644 0.41484832763671875
11644 0.3478527069091797
11631 0.3609657287597656
11631 0.4990100860595703
11617 0.4470348358154297
11600 0.4019737243652344
11591 0.10704994201660156
11591 0.247955322265625
11577 0.4630088806152344
11576 0.09608268737792969
11534 0.08296966552734375
11534 0.41294097900390625
11534 0.11301040649414062
11515 0.36787986755371094
11515 0.1480579376220703
11515 0.32401084899902344
11515 0.3688335418701172
11515 0.4699230194091797
11512 0.16808509826660156
11512 0.2110004425048828
11512 0.2961158752441406
11512 0.7069110870361328
11512 0.15497207641601562
11512 0.5450248718261719
11502 0.24580955505371094
11502 0.06604194641113281
11502 0.17213821411132812
11491 0.3249645233154297
11491 0.21886825561523438
11491 0.36215782165527344
11491 0.5781650543212891
11458 0.1499652862548828
11458 0.17690658569335938
11457 0.2560615539550781
11443 0.034809112548828125
11443 0.4239082336425781
11423 0.4239082336425781
11423 0.08988380432128906
11423 0.06699562072753906
11423 0.3349781036376953
11415 0.17595291137695312
11415 0.033855438232421875
11415 0.41985511779785156
11412 0.6849765777587891
11412 0.38886070251464844
11412 0.23412704467773438
11406 0.7390975952148438
11376 0.31185150146484375
11376 0.1499652862548828
11376 0.6520748138427734
11376 0.15592575073242188
11376 0.07390975952148438
11376 0.4088878631591797
11376 0.5178451538085938
11376 0.47898292541503906
11362 0.2579689025878906
11362 0.23889541625976562
11362 0.40793418884277344
11345 0.23818016052246094
11338 0.40411949157714844
11338 0.47516822814941406
11325 0.21219253540039062
11325 0.5021095275878906
11319 0.1850128173828125
11319 0.35500526428222656
11319 0.22792816162109375
11298 0.3180503845214844
11298 0.025987625122070312
11298 0.8089542388916016
11285 0.5271434783935547
11285 0.4220008850097656
11285 0.09298324584960938
11285 0.43487548828125
11285 0.4220008850097656
11283 0.025987625122070312
11281 0.36215782165527344
11273 0.39196014404296875
11239 0.19598007202148438
11239 0.15807151794433594
11239 0.31185150146484375
11229 0.2009868621826172
11229 0.2219676971435547
11229 0.03790855407714844
11229 0.2009868621826172
11229 0.29087066650390625
11229 0.051021575927734375
11154 0.4200935363769531
11103 0.49304962158203125
11103 0.06914138793945312
11085 0.5660057067871094
11082 0.15592575073242188
11082 0.3829002380371094
11082 0.07081031799316406
11082 0.2219676971435547
11072 0.34499168395996094
11064 0.762939453125
11047 0.13399124145507812
11047 0.49686431884765625
11047 0.11587142944335938
11046 0.3571510314941406
11045 0.14090538024902344
11004 0.09012222290039062
11004 0.43511390686035156
11004 0.03886222839355469
10990 0.11301040649414062
10990 0.34499168395996094
10990 0.42510032653808594
10990 0.13709068298339844
10990 0.15306472778320312
10981 0.3559589385986328
10957 0.3719329833984375
10955 0.11181831359863281
10951 0.4820823669433594
10951 0.6051063537597656
10951 0.5190372467041016
10934 0.3650188446044922
10934 0.4520416259765625
10934 0.19311904907226562
10934 0.2601146697998047
10924 0.2720355987548828
10924 0.06818771362304688
10924 0.35190582275390625
10924 0.2129077911376953
10922 0.03814697265625
10897 0.5030632019042969
10877 0.2009868621826172
10868 0.06604194641113281
10854 0.028133392333984375
10827 0.08702278137207031
10827 0.3070831298828125
10803 0.10800361633300781
10782 0.5729198455810547
10782 0.025987625122070312
10782 0.1430511474609375
10782 0.03600120544433594
10782 0.31113624572753906
10782 0.141143798828125
10782 0.26297569274902344
10782 0.1590251922607422
10782 0.23508071899414062
10782 0.3209114074707031
10764 0.35190582275390625
10753 0.370025634765625
10753 0.3311634063720703
10753 0.45299530029296875
277.94957160949707