13.00
21.00
12.00
21.00
43.00
15.00
14.00
21.00
7.00
29.00
163.22
191.12
249.24
271.88
217.38
136.41
318.37
306.25
152.40
356.81
439.40
527.28
742.51
785.22
711.15
925.67
545.26
711.90
721.30
1228.66
328.59
360.87
256.65
149.26
155.43
306.05
259.39
115.03
496.09
470.87
341.81
215.63
760.13
347.54
327.94
288.89
295.29
544.29
196.97
651.78
297.71
387.38
549.03
465.77
375.78
403.36
725.74
257.88
588.19
1096.07
829.77
331.44
1294.67
582.18
534.80
549.82
254.50
611.11
423.66
229.50
428.19
338.56
516.62
460.58
762.32
421.90
1330.15
838.85
608.38
648.63
311.63
264.64
493.25
607.31
562.60
343.71
823.87
775.20
866.73
641.86